1.50509 
1.52943 
1.57456 
1.59716 
1.58948 
1.58833 
1.62934 
1.694 
1.72329 
1.71409 
1.7044 
1.71084 
1.73526 
1.76464 
1.76319 
1.72798 
1.71442 
1.73715 
1.74428 
1.71084 
1.66536 
1.64222 
1.64891 
1.67715 
1.70787 
1.72477 
1.74531 
1.79091 
1.8243 
1.79448 
1.73569 
1.72612 
1.83773 
2.05146 
2.21276 
2.26287 
2.27886 
2.29799 
2.31256 
2.31589 
2.30686 
2.29796 
2.31459 
2.35428 
2.36894 
2.34287 
2.32708 
2.35903 
2.41194 
2.44374 
2.4549 
2.45943 
2.46307 
2.55344 
2.79928 
3.05252 
3.19342 
3.27676 
3.31007 
3.29327 
3.23366 
3.0127 
2.68114 
2.48022 
2.4359 
2.48377 
2.56097 
2.56612 
2.52959 
2.5185 
2.53152 
2.57641 
2.67852 
2.79943 
2.8667 
2.88748 
2.89193 
2.84923 
2.75552 
2.68887 
2.68359 
2.71512 
2.86234 
3.1747 
3.46285 
3.54338 
3.4364 
3.20092 
2.92796 
2.78539 
2.78258 
2.80663 
2.85188 
2.95422 
3.14016 
3.31645 
3.15404 
2.74151 
2.52441 
2.53474 
2.73545 
1.50608 
1.53043 
1.57254 
1.59266 
1.58784 
1.59959 
1.65413 
1.70947 
1.71953 
1.70606 
1.70293 
1.71938 
1.75064 
1.7705 
1.74991 
1.71688 
1.72162 
1.74372 
1.73512 
1.69255 
1.65141 
1.63989 
1.65788 
1.69082 
1.7153 
1.72905 
1.76065 
1.81037 
1.81878 
1.76583 
1.7198 
1.7556 
1.91793 
2.12843 
2.24081 
2.26725 
2.28523 
2.30306 
2.3117 
2.30736 
2.29607 
2.29813 
2.33036 
2.36403 
2.35502 
2.32613 
2.33381 
2.38253 
2.42771 
2.4469 
2.4543 
2.45673 
2.49348 
2.66537 
2.93047 
3.12115 
3.22671 
3.28547 
3.28181 
3.25003 
3.12334 
2.82674 
2.54809 
2.43668 
2.44516 
2.51938 
2.56658 
2.54072 
2.51313 
2.51658 
2.54135 
2.61416 
2.73601 
2.83488 
2.87367 
2.88708 
2.87645 
2.80527 
2.71197 
2.67452 
2.68609 
2.74825 
2.96823 
3.30708 
3.52702 
3.53408 
3.3711 
3.09998 
2.85792 
2.77002 
2.78822 
2.81213 
2.87517 
2.99943 
3.2192 
3.33823 
3.03991 
2.64617 
2.50686 
2.56531 
2.81163 
1.50679 
1.53342 
1.57916 
1.60184 
1.59976 
1.6192 
1.67611 
1.71573 
1.71207 
1.70112 
1.70748 
1.7333 
1.76343 
1.76596 
1.73395 
1.71474 
1.7321 
1.74413 
1.71871 
1.67203 
1.64092 
1.64221 
1.66899 
1.70132 
1.71915 
1.73641 
1.7797 
1.82313 
1.8047 
1.74115 
1.72134 
1.8165 
2.01622 
2.18872 
2.25392 
2.27289 
2.29174 
2.30504 
2.3061 
2.29587 
2.28946 
2.30854 
2.34753 
2.36126 
2.33529 
2.31969 
2.35166 
2.40456 
2.43634 
2.44741 
2.45193 
2.46403 
2.57156 
2.81217 
3.03737 
3.16689 
3.24919 
3.27232 
3.24745 
3.17377 
2.94701 
2.64219 
2.46319 
2.42692 
2.4789 
2.54711 
2.54792 
2.51485 
2.50546 
2.51894 
2.56352 
2.6655 
2.7866 
2.85414 
2.87489 
2.88316 
2.85025 
2.75924 
2.68292 
2.67049 
2.69445 
2.80971 
3.09743 
3.41714 
3.55797 
3.50198 
3.28945 
2.99939 
2.80524 
2.76787 
2.793 
2.82202 
2.90255 
3.0549 
3.28904 
3.31272 
2.92027 
2.58044 
2.50419 
2.61077 
2.89518 
1.507 
1.53509 
1.58454 
1.61373 
1.61542 
1.62914 
1.67553 
1.70658 
1.70252 
1.70009 
1.7183 
1.74987 
1.76926 
1.75258 
1.72095 
1.7204 
1.74011 
1.7361 
1.6976 
1.65357 
1.63585 
1.64946 
1.68143 
1.7084 
1.72253 
1.7497 
1.80071 
1.82674 
1.78515 
1.72741 
1.75116 
1.90591 
2.11129 
2.22881 
2.26115 
2.27988 
2.29642 
2.30279 
2.29623 
2.28548 
2.2926 
2.32733 
2.35644 
2.34481 
2.31782 
2.32667 
2.37524 
2.42021 
2.43943 
2.4468 
2.44908 
2.49668 
2.68424 
2.93875 
3.1056 
3.20202 
3.25561 
3.24697 
3.20694 
3.05269 
2.7485 
2.50505 
2.42018 
2.44154 
2.51893 
2.55015 
2.51957 
2.49814 
2.50348 
2.52677 
2.59632 
2.71911 
2.82124 
2.86124 
2.8745 
2.86936 
2.808 
2.71358 
2.66579 
2.67189 
2.71616 
2.90206 
3.23629 
3.4988 
3.55965 
3.4454 
3.19312 
2.91306 
2.77284 
2.77247 
2.79676 
2.83593 
2.93312 
3.12558 
3.35062 
3.23935 
2.79806 
2.53402 
2.51374 
2.67373 
2.97548 
1.507 
1.53538 
1.5874 
1.61863 
1.61384 
1.61309 
1.64769 
1.68134 
1.69179 
1.7049 
1.73341 
1.76254 
1.76512 
1.73702 
1.71751 
1.72961 
1.74005 
1.7186 
1.67394 
1.63962 
1.63694 
1.66142 
1.69362 
1.71291 
1.72871 
1.76845 
1.81839 
1.81872 
1.76173 
1.72905 
1.81349 
2.00962 
2.18079 
2.24721 
2.26767 
2.28609 
2.29735 
2.29576 
2.28448 
2.2808 
2.30531 
2.34415 
2.35002 
2.32233 
2.31258 
2.34714 
2.39827 
2.42877 
2.43993 
2.44438 
2.45547 
2.56502 
2.80615 
3.02301 
3.1453 
3.22345 
3.24129 
3.2125 
3.1266 
2.88275 
2.58439 
2.43107 
2.41421 
2.47805 
2.54418 
2.53172 
2.49667 
2.4917 
2.50567 
2.54361 
2.63741 
2.76334 
2.83957 
2.86251 
2.87054 
2.84045 
2.75367 
2.67586 
2.65861 
2.67709 
2.7639 
3.02271 
3.36054 
3.55072 
3.54332 
3.37165 
3.08943 
2.84478 
2.75855 
2.77851 
2.80108 
2.85552 
2.97513 
3.21253 
3.39648 
3.13742 
2.69022 
2.50396 
2.53699 
2.75522 
3.04848 
1.50709 
1.53707 
1.59137 
1.61389 
1.59784 
1.59688 
1.62626 
1.65961 
1.68671 
1.71486 
1.7471 
1.76576 
1.75129 
1.72435 
1.72261 
1.73632 
1.73033 
1.69555 
1.653 
1.63302 
1.64506 
1.67617 
1.70285 
1.71599 
1.73932 
1.78858 
1.82338 
1.79518 
1.7396 
1.75543 
1.90306 
2.10497 
2.22194 
2.25552 
2.27469 
2.28967 
2.29345 
2.28495 
2.27559 
2.28669 
2.32359 
2.34883 
2.33114 
2.30668 
2.32388 
2.37442 
2.41513 
2.43193 
2.43933 
2.44144 
2.48663 
2.66757 
2.91506 
3.08004 
3.17445 
3.22171 
3.20754 
3.14852 
2.97382 
2.68533 
2.47004 
2.40208 
2.44026 
2.5239 
2.54518 
2.50595 
2.48429 
2.49074 
2.51327 
2.57451 
2.68945 
2.79863 
2.84743 
2.86211 
2.85688 
2.79593 
2.70201 
2.65395 
2.65902 
2.69081 
2.84215 
3.16298 
3.46065 
3.57106 
3.50604 
3.28639 
2.99074 
2.79385 
2.75612 
2.7828 
2.80763 
2.87929 
3.03306 
3.30101 
3.38626 
3.00127 
2.6036 
2.49234 
2.57608 
2.84478 
3.10738 
1.50786 
1.54097 
1.592 
1.60026 
1.58674 
1.60101 
1.62884 
1.66007 
1.69465 
1.7227 
1.74611 
1.75138 
1.72961 
1.71617 
1.72859 
1.7351 
1.7138 
1.67365 
1.63936 
1.63497 
1.65955 
1.69018 
1.70803 
1.72129 
1.75652 
1.80518 
1.80994 
1.76062 
1.73211 
1.81421 
2.00574 
2.17454 
2.2414 
2.26262 
2.28018 
2.28911 
2.28496 
2.27344 
2.27406 
2.30298 
2.33885 
2.33811 
2.30897 
2.30465 
2.34553 
2.39649 
2.42296 
2.43233 
2.43644 
2.44692 
2.55223 
2.78464 
2.99787 
3.12174 
3.19214 
3.19994 
3.15968 
3.03422 
2.77331 
2.52158 
2.40668 
2.40323 
2.47957 
2.54347 
2.52179 
2.48373 
2.4791 
2.4932 
2.53066 
2.62059 
2.74344 
2.82332 
2.84982 
2.8582 
2.82822 
2.74158 
2.66357 
2.6459 
2.66243 
2.72569 
2.95097 
3.29757 
3.53237 
3.56935 
3.44687 
3.19003 
2.90501 
2.76109 
2.76014 
2.78483 
2.818 
2.90683 
3.09886 
3.36878 
3.31968 
2.85996 
2.54269 
2.49522 
2.62731 
2.92623 
3.14663 
1.50901 
1.54099 
1.58118 
1.58458 
1.58843 
1.61424 
1.64209 
1.67612 
1.7071 
1.71751 
1.71533 
1.70839 
1.70315 
1.71536 
1.73266 
1.72696 
1.69422 
1.65429 
1.63264 
1.64396 
1.67557 
1.69973 
1.71109 
1.73271 
1.77897 
1.81001 
1.78037 
1.73296 
1.76082 
1.90964 
2.10297 
2.21597 
2.251 
2.26969 
2.28239 
2.28338 
2.27348 
2.26655 
2.28359 
2.32205 
2.33958 
2.31643 
2.29468 
2.31642 
2.36936 
2.40945 
2.42479 
2.43115 
2.43452 
2.48343 
2.65874 
2.89274 
3.05449 
3.1507 
3.18939 
3.1658 
3.08483 
2.87164 
2.59116 
2.42611 
2.38758 
2.43399 
2.51383 
2.52655 
2.48842 
2.47056 
2.47798 
2.50072 
2.56184 
2.67634 
2.78522 
2.83451 
2.84981 
2.84516 
2.78425 
2.68988 
2.6413 
2.64571 
2.66989 
2.78883 
3.08666 
3.41219 
3.57045 
3.5496 
3.37339 
3.08598 
2.83416 
2.74585 
2.76615 
2.78701 
2.83449 
2.9442 
3.17192 
3.40466 
3.21782 
2.74726 
2.51211 
2.51051 
2.6895 
2.99641 
3.17296 
1.50786 
1.53033 
1.55935 
1.57519 
1.5987 
1.62888 
1.66027 
1.69405 
1.71007 
1.69474 
1.66497 
1.65683 
1.68098 
1.71458 
1.72972 
1.71317 
1.67349 
1.63814 
1.63243 
1.65723 
1.68787 
1.70405 
1.7165 
1.75068 
1.79411 
1.79152 
1.74424 
1.73272 
1.83442 
2.02564 
2.17731 
2.23663 
2.25877 
2.27429 
2.2796 
2.27268 
2.26234 
2.2686 
2.30213 
2.33338 
2.32414 
2.29466 
2.29486 
2.33802 
2.38924 
2.41559 
2.42482 
2.42796 
2.44668 
2.56524 
2.78739 
2.97869 
3.09452 
3.16203 
3.1647 
3.1093 
2.95338 
2.68491 
2.46606 
2.38311 
2.40045 
2.48371 
2.53058 
2.49827 
2.46592 
2.46555 
2.4805 
2.51793 
2.60768 
2.7306 
2.81068 
2.83729 
2.84779 
2.82197 
2.7351 
2.65299 
2.6331 
2.64859 
2.69358 
2.88373 
3.22749 
3.49988 
3.57923 
3.50621 
3.28764 
2.98524 
2.78122 
2.74356 
2.77017 
2.79185 
2.85634 
2.99441 
3.25676 
3.40175 
3.07466 
2.65 
2.50086 
2.53916 
2.76557 
3.05861 
3.19005 
1.50439 
1.51747 
1.54484 
1.57859 
1.61333 
1.64713 
1.68124 
1.70289 
1.69486 
1.6597 
1.62931 
1.63663 
1.66788 
1.69582 
1.70866 
1.69192 
1.65352 
1.62889 
1.63947 
1.67126 
1.69531 
1.70722 
1.72992 
1.77106 
1.78747 
1.7518 
1.72077 
1.77559 
1.94083 
2.12412 
2.21814 
2.24732 
2.26502 
2.27425 
2.27102 
2.25999 
2.25774 
2.28162 
2.31981 
2.32843 
2.30116 
2.28453 
2.31071 
2.36317 
2.40203 
2.4173 
2.4235 
2.42615 
2.48583 
2.67297 
2.8931 
3.03643 
3.12238 
3.15116 
3.11756 
3.00432 
2.76785 
2.52037 
2.39551 
2.37577 
2.44033 
2.52169 
2.51783 
2.47213 
2.45662 
2.46519 
2.48821 
2.54936 
2.66381 
2.7727 
2.82198 
2.83742 
2.83887 
2.78749 
2.69056 
2.63236 
2.6329 
2.65366 
2.74258 
3.00951 
3.35546 
3.5559 
3.56708 
3.43941 
3.18628 
2.89661 
2.74831 
2.74768 
2.77211 
2.80113 
2.88317 
3.0619 
3.33751 
3.34249 
2.91438 
2.57547 
2.49769 
2.57746 
2.84593 
3.1079 
3.19766 
1.50246 
1.51503 
1.54962 
1.59367 
1.63277 
1.66916 
1.69593 
1.69486 
1.66344 
1.6274 
1.6222 
1.64289 
1.65532 
1.66095 
1.67081 
1.66383 
1.63751 
1.62846 
1.65209 
1.68279 
1.70002 
1.71698 
1.75154 
1.77826 
1.75678 
1.718 
1.7413 
1.87167 
2.05848 
2.1876 
2.23497 
2.2548 
2.26746 
2.26839 
2.25864 
2.25126 
2.26523 
2.30209 
2.32586 
2.30894 
2.28211 
2.29065 
2.33735 
2.38484 
2.40816 
2.41706 
2.42001 
2.43899 
2.55998 
2.78103 
2.96455 
3.0741 
3.13098 
3.12029 
3.03734 
2.83956 
2.57989 
2.41437 
2.36403 
2.39868 
2.48934 
2.52503 
2.48501 
2.45317 
2.45303 
2.46805 
2.5056 
2.59554 
2.71845 
2.79836 
2.82481 
2.83548 
2.81652 
2.73835 
2.65147 
2.62242 
2.63525 
2.66902 
2.82331 
3.15145 
3.45864 
3.58187 
3.54019 
3.36112 
3.07783 
2.82431 
2.73314 
2.75245 
2.77353 
2.8164 
2.92106 
3.14916 
3.39016 
3.22472 
2.77188 
2.53533 
2.50191 
2.62803 
2.92534 
3.14555 
3.19953 
1.50357 
1.52264 
1.56688 
1.61504 
1.65622 
1.68761 
1.69483 
1.6701 
1.63081 
1.61406 
1.63027 
1.64573 
1.64123 
1.63462 
1.63868 
1.64106 
1.63243 
1.63714 
1.6655 
1.69038 
1.70713 
1.73575 
1.76445 
1.75518 
1.71806 
1.7211 
1.82269 
2.00137 
2.15252 
2.21996 
2.24431 
2.25937 
2.26449 
2.25752 
2.24705 
2.25159 
2.28297 
2.31724 
2.31444 
2.2856 
2.27721 
2.31111 
2.36369 
2.39728 
2.40984 
2.41506 
2.42056 
2.48682 
2.66845 
2.87602 
3.01563 
3.09662 
3.11494 
3.0671 
2.91521 
2.65516 
2.44548 
2.36337 
2.3666 
2.44624 
2.51824 
2.49914 
2.45504 
2.44405 
2.45272 
2.47569 
2.53678 
2.65128 
2.76023 
2.80953 
2.82492 
2.82651 
2.77806 
2.68413 
2.62315 
2.62002 
2.63993 
2.71383 
2.95261 
3.29857 
3.53124 
3.57965 
3.48665 
3.26232 
2.96827 
2.76924 
2.72955 
2.75472 
2.77653 
2.83804 
2.97687 
3.2474 
3.39782 
3.07422 
2.6597 
2.51579 
2.51214 
2.68465 
2.99363 
3.17285 
3.19997 
1.50578 
1.53158 
1.58539 
1.63814 
1.67706 
1.69373 
1.677 
1.63795 
1.61167 
1.6198 
1.63729 
1.63816 
1.62962 
1.62399 
1.6294 
1.64711 
1.66049 
1.66751 
1.6811 
1.69804 
1.72337 
1.75258 
1.74945 
1.71444 
1.70285 
1.77643 
1.94475 
2.11525 
2.20275 
2.23346 
2.25065 
2.25919 
2.25593 
2.24498 
2.24171 
2.26305 
2.30205 
2.31633 
2.29177 
2.27036 
2.2887 
2.33904 
2.38252 
2.40159 
2.40936 
2.41219 
2.44193 
2.57544 
2.78387 
2.94877 
3.05088 
3.09661 
3.07431 
2.97365 
2.75306 
2.50491 
2.37464 
2.34715 
2.40048 
2.4949 
2.51364 
2.46572 
2.43836 
2.44062 
2.45576 
2.49302 
2.58261 
2.70554 
2.78567 
2.8123 
2.82302 
2.80423 
2.72639 
2.6396 
2.60999 
2.62217 
2.65337 
2.79841 
3.11686 
3.42689 
3.5711 
3.5569 
3.40565 
3.14056 
2.86624 
2.73279 
2.73146 
2.75507 
2.78385 
2.86516 
3.05264 
3.3468 
3.35967 
2.92499 
2.58617 
2.50695 
2.53025 
2.74333 
3.04387 
3.18755 
3.19996 
1.50691 
1.53671 
1.60012 
1.6586 
1.68836 
1.68442 
1.64931 
1.61327 
1.61114 
1.63073 
1.6362 
1.62793 
1.62119 
1.62183 
1.64162 
1.68402 
1.71803 
1.71812 
1.70519 
1.71364 
1.74381 
1.75027 
1.71556 
1.69256 
1.73998 
1.88382 
2.0662 
2.18119 
2.22186 
2.24095 
2.25241 
2.25255 
2.24318 
2.23574 
2.24738 
2.28296 
2.31142 
2.29969 
2.27115 
2.27148 
2.3124 
2.36355 
2.39199 
2.40235 
2.40662 
2.4172 
2.50057 
2.68594 
2.87345 
2.99723 
3.06695 
3.07199 
3.00245 
2.825 
2.57598 
2.4025 
2.34205 
2.36211 
2.45151 
2.51152 
2.48194 
2.43987 
2.43131 
2.44086 
2.46563 
2.52777 
2.6407 
2.74795 
2.79697 
2.81243 
2.81397 
2.76548 
2.67162 
2.61077 
2.60747 
2.6262 
2.68638 
2.91261 
3.26784 
3.51283 
3.57977 
3.51579 
3.31713 
3.02619 
2.79131 
2.7157 
2.73335 
2.75493 
2.79688 
2.90085 
3.14541 
3.42685 
3.27945 
2.80091 
2.54962 
2.50311 
2.56215 
2.81559 
3.09004 
3.19552 
3.19996 
1.50713 
1.54139 
1.61415 
1.67299 
1.68618 
1.66087 
1.62042 
1.60442 
1.62112 
1.63425 
1.62814 
1.61863 
1.61589 
1.6297 
1.67096 
1.72561 
1.75654 
1.74936 
1.72879 
1.73458 
1.75176 
1.72748 
1.69122 
1.71518 
1.83475 
2.01465 
2.15176 
2.20806 
2.23027 
2.24472 
2.24828 
2.24038 
2.23088 
2.23533 
2.26444 
2.3003 
2.30308 
2.27542 
2.26137 
2.28827 
2.34036 
2.37908 
2.39462 
2.40129 
2.40422 
2.44658 
2.59376 
2.78958 
2.93496 
3.02626 
3.05835 
3.01708 
2.87951 
2.64349 
2.43679 
2.34455 
2.33507 
2.40702 
2.49645 
2.49527 
2.44611 
2.42523 
2.42841 
2.44517 
2.48888 
2.58318 
2.70037 
2.77415 
2.7998 
2.81049 
2.79149 
2.71345 
2.62679 
2.5975 
2.60964 
2.63636 
2.75471 
3.05436 
3.38713 
3.56001 
3.56777 
3.4556 
3.22401 
2.92863 
2.74146 
2.7103 
2.73299 
2.75642 
2.81669 
2.95443 
3.24908 
3.45561 
3.15179 
2.70033 
2.53374 
2.50184 
2.6064 
2.89388 
3.1315 
3.19938 
3.19996 
1.50816 
1.5486 
1.62826 
1.6786 
1.67019 
1.63054 
1.60192 
1.61059 
1.62973 
1.62877 
1.61756 
1.61092 
1.61849 
1.65367 
1.70983 
1.75193 
1.75908 
1.74789 
1.73958 
1.74839 
1.74604 
1.70861 
1.7057 
1.7992 
1.9665 
2.11965 
2.19383 
2.21985 
2.23591 
2.24329 
2.23857 
2.22762 
2.22576 
2.24704 
2.28523 
2.30216 
2.28078 
2.25688 
2.26771 
2.31429 
2.36235 
2.38593 
2.39461 
2.39761 
2.4142 
2.51351 
2.69921 
2.86827 
2.97816 
3.03483 
3.02524 
2.92685 
2.71532 
2.48501 
2.35861 
2.32195 
2.36051 
2.46011 
2.50561 
2.4627 
2.42354 
2.41873 
2.42886 
2.45781 
2.53103 
2.64829 
2.74478 
2.78523 
2.79992 
2.80153 
2.75304 
2.6591 
2.59823 
2.59502 
2.61366 
2.66791 
2.87309 
3.21768 
3.48225 
3.57857 
3.53888 
3.38212 
3.12104 
2.84295 
2.70905 
2.70976 
2.733 
2.76345 
2.84417 
3.03124 
3.35154 
3.41766 
2.99291 
2.62025 
2.5234 
2.50942 
2.66596 
2.97025 
3.16342 
3.20001 
3.19997 
1.51026 
1.55584 
1.63759 
1.67366 
1.64535 
1.6058 
1.60067 
1.62318 
1.63106 
1.61931 
1.60817 
1.60927 
1.6368 
1.69121 
1.74098 
1.757 
1.74787 
1.73955 
1.74353 
1.75878 
1.75336 
1.73229 
1.78838 
1.94012 
2.0916 
2.1766 
2.2102 
2.22743 
2.23692 
2.23545 
2.22548 
2.21976 
2.23335 
2.26874 
2.29649 
2.28598 
2.25811 
2.25466 
2.29035 
2.34168 
2.37461 
2.38733 
2.39235 
2.39573 
2.45165 
2.60929 
2.79313 
2.92412 
3.00109 
3.01592 
2.96095 
2.79821 
2.55449 
2.38251 
2.31993 
2.32685 
2.4103 
2.48895 
2.47568 
2.42891 
2.41211 
2.41622 
2.43459 
2.48669 
2.59157 
2.70516 
2.76693 
2.78747 
2.79802 
2.77926 
2.70138 
2.61458 
2.58507 
2.5972 
2.62373 
2.74031 
3.0359 
3.36593 
3.54571 
3.57572 
3.4926 
3.29936 
3.01408 
2.77506 
2.69846 
2.71594 
2.73668 
2.77985 
2.88123 
3.11617 
3.41385 
3.30884 
2.83757 
2.56939 
2.5134 
2.52521 
2.73074 
3.03384 
3.18486 
3.20001 
3.19997 
1.51183 
1.55971 
1.63806 
1.6576 
1.61854 
1.59383 
1.60905 
1.62925 
1.62398 
1.60839 
1.60249 
1.62118 
1.67144 
1.72645 
1.75085 
1.74617 
1.73714 
1.73772 
1.75228 
1.77662 
1.77712 
1.78537 
1.8997 
2.06726 
2.16514 
2.19964 
2.21838 
2.23038 
2.2318 
2.22281 
2.21436 
2.22215 
2.25384 
2.28841 
2.2889 
2.26128 
2.24677 
2.2702 
2.32026 
2.36131 
2.37923 
2.38636 
2.38784 
2.41209 
2.52583 
2.70884 
2.86323 
2.96094 
2.99862 
2.9682 
2.85244 
2.63576 
2.42659 
2.32599 
2.30645 
2.36089 
2.45372 
2.47657 
2.43465 
2.40749 
2.40603 
2.41776 
2.4521 
2.53613 
2.65649 
2.74207 
2.77386 
2.78739 
2.78898 
2.74051 
2.6466 
2.58576 
2.58255 
2.60124 
2.65596 
2.86407 
3.21162 
3.47337 
3.57484 
3.55331 
3.42934 
3.20507 
2.91259 
2.72707 
2.7035 
2.72661 
2.7449 
2.80642 
2.93076 
3.19441 
3.4098 
3.14576 
2.70803 
2.54244 
2.50177 
2.54828 
2.79345 
3.07872 
3.19485 
3.20001 
3.19996 
1.51221 
1.55935 
1.62842 
1.6329 
1.59734 
1.59464 
1.61721 
1.62535 
1.61208 
1.59924 
1.60806 
1.65146 
1.71063 
1.74407 
1.74314 
1.73347 
1.73218 
1.7433 
1.76836 
1.79078 
1.7808 
1.79812 
1.9356 
2.10542 
2.18666 
2.20983 
2.22286 
2.22769 
2.22127 
2.21069 
2.2133 
2.2401 
2.27794 
2.29016 
2.26613 
2.24229 
2.25284 
2.29777 
2.34526 
2.37008 
2.37957 
2.38235 
2.39103 
2.46543 
2.62713 
2.79426 
2.9116 
2.97402 
2.96948 
2.88598 
2.70069 
2.47824 
2.3419 
2.298 
2.32495 
2.41323 
2.46662 
2.44012 
2.40523 
2.39726 
2.40382 
2.4264 
2.48838 
2.60074 
2.70752 
2.75813 
2.77496 
2.78544 
2.7665 
2.68848 
2.60177 
2.57248 
2.58472 
2.61157 
2.73008 
3.03042 
3.36293 
3.54124 
3.57951 
3.51003 
3.34663 
3.09057 
2.82077 
2.70155 
2.71487 
2.73415 
2.75679 
2.83958 
2.99072 
3.26098 
3.35112 
2.97364 
2.61737 
2.52828 
2.49245 
2.58191 
2.8605 
3.11582 
3.19854 
3.2 
3.19996 
1.51211 
1.5538 
1.60721 
1.60546 
1.58886 
1.60439 
1.62173 
1.6162 
1.60008 
1.59884 
1.63238 
1.69165 
1.73495 
1.7411 
1.73103 
1.7276 
1.73594 
1.7579 
1.78458 
1.78702 
1.76063 
1.76967 
1.87697 
2.04064 
2.16247 
2.21127 
2.22232 
2.21941 
2.20872 
2.20564 
2.22706 
2.26662 
2.28776 
2.27064 
2.24243 
2.24083 
2.2771 
2.32709 
2.35931 
2.37213 
2.377 
2.3791 
2.42193 
2.5545 
2.72466 
2.85705 
2.93852 
2.95878 
2.90751 
2.75835 
2.53533 
2.36551 
2.29571 
2.29608 
2.37004 
2.44902 
2.44562 
2.40578 
2.39024 
2.39247 
2.40745 
2.44955 
2.54401 
2.66317 
2.73703 
2.76204 
2.77486 
2.77647 
2.72804 
2.63412 
2.5732 
2.56999 
2.58874 
2.64395 
2.85468 
3.20709 
3.47168 
3.57771 
3.56506 
3.45365 
3.25384 
2.96826 
2.74603 
2.69755 
2.72749 
2.73777 
2.77394 
2.87619 
3.06024 
3.30578 
3.24213 
2.82213 
2.5677 
2.5185 
2.49228 
2.62535 
2.92499 
3.14592 
3.19968 
3.2 
3.19996 
1.51103 
1.54201 
1.57934 
1.58592 
1.5945 
1.61524 
1.61867 
1.60363 
1.59393 
1.6163 
1.67184 
1.72308 
1.73747 
1.72869 
1.72325 
1.72918 
1.74875 
1.7765 
1.78725 
1.76648 
1.74421 
1.75108 
1.79514 
1.911 
2.07715 
2.18727 
2.21348 
2.20637 
2.20093 
2.21587 
2.25264 
2.28167 
2.27275 
2.24314 
2.23272 
2.26011 
2.30973 
2.34764 
2.36417 
2.37081 
2.37132 
2.39161 
2.49107 
2.65516 
2.80015 
2.8966 
2.93773 
2.91298 
2.80261 
2.5967 
2.39874 
2.30102 
2.27778 
2.32381 
2.41324 
2.44377 
2.40951 
2.38469 
2.38268 
2.39205 
2.42063 
2.49316 
2.60992 
2.70719 
2.74801 
2.76247 
2.77296 
2.7542 
2.67637 
2.5896 
2.56004 
2.57217 
2.59898 
2.71841 
3.02195 
3.35724 
3.53726 
3.58723 
3.53076 
3.39105 
3.16088 
2.86689 
2.70299 
2.70719 
2.73433 
2.74049 
2.79815 
2.91586 
3.1392 
3.33791 
3.11848 
2.70755 
2.54373 
2.50462 
2.50263 
2.68123 
2.98664 
3.16957 
3.19995 
3.2 
3.19996 
1.50806 
1.5288 
1.55985 
1.5834 
1.60589 
1.61675 
1.60621 
1.59208 
1.6031 
1.65258 
1.70907 
1.73265 
1.72712 
1.71961 
1.72303 
1.73965 
1.76699 
1.78456 
1.76963 
1.7437 
1.74117 
1.74554 
1.74202 
1.78967 
1.93489 
2.09782 
2.17889 
2.193 
2.20582 
2.24184 
2.2752 
2.27336 
2.24446 
2.22614 
2.24421 
2.29138 
2.33479 
2.35593 
2.36407 
2.3653 
2.37125 
2.43674 
2.5847 
2.74297 
2.85369 
2.90942 
2.90586 
2.83065 
2.65568 
2.44222 
2.31143 
2.26949 
2.2905 
2.37119 
2.42902 
2.41205 
2.3816 
2.37433 
2.37934 
2.3981 
2.44986 
2.55374 
2.66779 
2.72971 
2.7499 
2.76236 
2.76392 
2.71545 
2.6216 
2.56078 
2.55752 
2.57622 
2.63205 
2.84575 
3.20137 
3.464 
3.57095 
3.57326 
3.48209 
3.32414 
3.06341 
2.79 
2.69128 
2.72257 
2.73535 
2.74689 
2.82806 
2.96215 
3.21664 
3.34803 
3.00714 
2.63013 
2.52731 
2.48981 
2.52645 
2.75123 
3.04637 
3.18707 
3.19995 
3.2 
3.19996 
1.50542 
1.52393 
1.55984 
1.59201 
1.60842 
1.60511 
1.59176 
1.59491 
1.63495 
1.69331 
1.72609 
1.72466 
1.71626 
1.71728 
1.73118 
1.75812 
1.78017 
1.77221 
1.74384 
1.73518 
1.74375 
1.73596 
1.71735 
1.71687 
1.7815 
1.93011 
2.08391 
2.17384 
2.22533 
2.26574 
2.27381 
2.24713 
2.22301 
2.23151 
2.27312 
2.32003 
2.34662 
2.35707 
2.36014 
2.35908 
2.39547 
2.51623 
2.67832 
2.80686 
2.87798 
2.88911 
2.84182 
2.70599 
2.49595 
2.33254 
2.26599 
2.2661 
2.33206 
2.40817 
2.41317 
2.38049 
2.36677 
2.3685 
2.38087 
2.41593 
2.49968 
2.61844 
2.70437 
2.73673 
2.75001 
2.76042 
2.74143 
2.66342 
2.57677 
2.54751 
2.5597 
2.58674 
2.70825 
3.01692 
3.3556 
3.53324 
3.58791 
3.54461 
3.43427 
3.25534 
2.96169 
2.73206 
2.69809 
2.73279 
2.73228 
2.76149 
2.86162 
3.01617 
3.27496 
3.30456 
2.89359 
2.57741 
2.51296 
2.48035 
2.55976 
2.8221 
3.09445 
3.19652 
3.19995 
3.2 
3.19996 
1.50552 
1.52898 
1.57166 
1.59731 
1.59876 
1.58988 
1.58838 
1.62059 
1.6792 
1.71932 
1.72288 
1.71358 
1.71225 
1.72326 
1.74759 
1.77387 
1.77413 
1.74561 
1.72863 
1.73939 
1.74127 
1.72211 
1.70144 
1.68158 
1.68485 
1.76615 
1.933 
2.11324 
2.22992 
2.26495 
2.24732 
2.22125 
2.22306 
2.2597 
2.30612 
2.33649 
2.34946 
2.3538 
2.35214 
2.37041 
2.46012 
2.61213 
2.75402 
2.842 
2.86734 
2.83929 
2.74132 
2.55246 
2.36519 
2.27054 
2.24964 
2.2948 
2.37934 
2.41095 
2.38225 
2.3603 
2.35855 
2.36685 
2.39059 
2.45212 
2.56357 
2.67001 
2.72064 
2.73748 
2.7499 
2.75146 
2.70298 
2.60907 
2.5482 
2.54502 
2.56445 
2.62248 
2.83932 
3.20002 
3.46851 
3.57748 
3.58599 
3.50458 
3.38318 
3.16615 
2.85956 
2.69672 
2.7132 
2.734 
2.72878 
2.78485 
2.89615 
3.07793 
3.31886 
3.22515 
2.79194 
2.55 
2.50271 
2.47889 
2.59918 
2.88651 
3.12875 
3.19967 
3.19995 
3.2 
3.19996 
1.5063 
1.53223 
1.57478 
1.59196 
1.58583 
1.58284 
1.60578 
1.66117 
1.71056 
1.72179 
1.71204 
1.70765 
1.71592 
1.7383 
1.76634 
1.77423 
1.74902 
1.72374 
1.73073 
1.74332 
1.73041 
1.7065 
1.68396 
1.66302 
1.65669 
1.68978 
1.79892 
1.98336 
2.15285 
2.22133 
2.21648 
2.21377 
2.2457 
2.29425 
2.32747 
2.34173 
2.3473 
2.34521 
2.35239 
2.41828 
2.55376 
2.69836 
2.79982 
2.84096 
2.82711 
2.75574 
2.59733 
2.40355 
2.2808 
2.23994 
2.26318 
2.34427 
2.40183 
2.38549 
2.35521 
2.34858 
2.3543 
2.37181 
2.41612 
2.50974 
2.62582 
2.69916 
2.72476 
2.73748 
2.748 
2.72918 
2.65131 
2.56454 
2.53505 
2.54719 
2.5814 
2.71823 
3.03061 
3.36292 
3.54144 
3.59821 
3.55675 
3.458 
3.31663 
3.04494 
2.7676 
2.68839 
2.7278 
2.72921 
2.73296 
2.81537 
2.93168 
3.14666 
3.34781 
3.12284 
2.70317 
2.53523 
2.4929 
2.48366 
2.64128 
2.94511 
3.15493 
3.19995 
3.19995 
3.19999 
3.19995 
1.50589 
1.52894 
1.56653 
1.5808 
1.57737 
1.59303 
1.6428 
1.69765 
1.71816 
1.71077 
1.70401 
1.70931 
1.72857 
1.75719 
1.77262 
1.75379 
1.72227 
1.72039 
1.73896 
1.73675 
1.71187 
1.68574 
1.66417 
1.65264 
1.66043 
1.68717 
1.73677 
1.83817 
1.99631 
2.13364 
2.19557 
2.23116 
2.27835 
2.31663 
2.33415 
2.3408 
2.34043 
2.34356 
2.3898 
2.5022 
2.64322 
2.75549 
2.8076 
2.80424 
2.7554 
2.62567 
2.43515 
2.2934 
2.23608 
2.24104 
2.31002 
2.38507 
2.38819 
2.35356 
2.33888 
2.34224 
2.35609 
2.38843 
2.4641 
2.57899 
2.67131 
2.71023 
2.72498 
2.73737 
2.73896 
2.69043 
2.59654 
2.53579 
2.53271 
2.55363 
2.63434 
2.88566 
3.2427 
3.48516 
3.5844 
3.59089 
3.509 
3.40945 
3.22822 
2.91592 
2.70484 
2.70038 
2.73532 
2.72184 
2.74805 
2.84958 
2.96932 
3.20621 
3.33837 
3.00301 
2.62681 
2.52224 
2.48353 
2.49625 
2.68344 
2.991 
3.17243 
3.19995 
3.19995 
3.19999 
3.19995 
1.50522 
1.5253 
1.55786 
1.5716 
1.582 
1.62454 
1.68283 
1.71325 
1.70996 
1.70099 
1.70304 
1.7197 
1.74817 
1.76921 
1.75804 
1.72371 
1.71103 
1.72922 
1.73755 
1.71757 
1.68686 
1.66179 
1.64898 
1.65328 
1.67599 
1.70561 
1.72724 
1.75838 
1.85982 
2.02718 
2.17005 
2.25665 
2.30473 
2.32538 
2.33329 
2.33335 
2.33248 
2.36789 
2.46586 
2.59405 
2.70823 
2.77529 
2.78132 
2.74501 
2.64515 
2.468 
2.3084 
2.23338 
2.2239 
2.27819 
2.36229 
2.38768 
2.35409 
2.33063 
2.33071 
2.34191 
2.36664 
2.4248 
2.53118 
2.63839 
2.69368 
2.71247 
2.72498 
2.734 
2.71277 
2.63524 
2.55085 
2.52282 
2.53574 
2.5807 
2.75593 
3.09673 
3.40802 
3.5582 
3.60398 
3.5575 
3.46318 
3.35484 
3.11098 
2.80307 
2.68003 
2.71868 
2.73237 
2.71619 
2.77183 
2.88241 
3.00963 
3.24754 
3.29021 
2.89256 
2.57664 
2.51121 
2.47652 
2.51807 
2.73437 
3.03429 
3.18517 
3.19995 
3.19995 
3.19999 
3.19995 
1.50454 
1.52172 
1.55011 
1.57198 
1.60808 
1.66578 
1.70548 
1.70851 
1.69868 
1.69803 
1.7112 
1.73762 
1.76395 
1.76345 
1.73063 
1.70583 
1.71762 
1.73335 
1.72111 
1.69091 
1.66145 
1.64463 
1.64639 
1.66639 
1.69566 
1.71864 
1.72977 
1.74367 
1.80191 
1.92688 
2.08839 
2.23162 
2.30695 
2.32605 
2.32671 
2.32324 
2.3448 
2.425 
2.54698 
2.66181 
2.73662 
2.7565 
2.73034 
2.65163 
2.49809 
2.33113 
2.23633 
2.21462 
2.25445 
2.33554 
2.37888 
2.35492 
2.32373 
2.31884 
2.32849 
2.34847 
2.39243 
2.48432 
2.59922 
2.67298 
2.69953 
2.71249 
2.72452 
2.72009 
2.66425 
2.57422 
2.52129 
2.52105 
2.54596 
2.65531 
2.9473 
3.29942 
3.50961 
3.59499 
3.59545 
3.50965 
3.42575 
3.28153 
2.97554 
2.71835 
2.68324 
2.73247 
2.72164 
2.7164 
2.79876 
2.9091 
3.0561 
3.28643 
3.22729 
2.80236 
2.54857 
2.50124 
2.47207 
2.54153 
2.78315 
3.07174 
3.19454 
3.19995 
3.19995 
3.19999 
3.19995 
1.50369 
1.51827 
1.54867 
1.59096 
1.64878 
1.69603 
1.70633 
1.69698 
1.69298 
1.70331 
1.72823 
1.75643 
1.76541 
1.74065 
1.70763 
1.70757 
1.72609 
1.72137 
1.69274 
1.66241 
1.64287 
1.64019 
1.65698 
1.6863 
1.71123 
1.72393 
1.73347 
1.7573 
1.79756 
1.84099 
1.9355 
2.11349 
2.26701 
2.31826 
2.31838 
2.33323 
2.39693 
2.50154 
2.61227 
2.6934 
2.72189 
2.7118 
2.65295 
2.51179 
2.34703 
2.24208 
2.20736 
2.23942 
2.31925 
2.37115 
2.35442 
2.31932 
2.30806 
2.31526 
2.33299 
2.3676 
2.44266 
2.55558 
2.64677 
2.68527 
2.69997 
2.71246 
2.71866 
2.6865 
2.60224 
2.52737 
2.50947 
2.52565 
2.58724 
2.80454 
3.16392 
3.44297 
3.56603 
3.60821 
3.55954 
3.46459 
3.37776 
3.1637 
2.8396 
2.66919 
2.69623 
2.73169 
2.70777 
2.7269 
2.82703 
2.93255 
3.11557 
3.33016 
3.15681 
2.73052 
2.53772 
2.49416 
2.47193 
2.57178 
2.83649 
3.10233 
3.19792 
3.19995 
3.19995 
3.19999 
3.19995 
1.50361 
1.5203 
1.56377 
1.62619 
1.68254 
1.70339 
1.69584 
1.68936 
1.69612 
1.71796 
1.74755 
1.76442 
1.74927 
1.71415 
1.70179 
1.71762 
1.71982 
1.6932 
1.66025 
1.63961 
1.6359 
1.64944 
1.67621 
1.70306 
1.71833 
1.72796 
1.74829 
1.78294 
1.79795 
1.77662 
1.81444 
2.00014 
2.21356 
2.30357 
2.32535 
2.3796 
2.47175 
2.57144 
2.6498 
2.68219 
2.67624 
2.64146 
2.53093 
2.36186 
2.24088 
2.19755 
2.21657 
2.29251 
2.35649 
2.35046 
2.31458 
2.29877 
2.30312 
2.31843 
2.34685 
2.40884 
2.51427 
2.61598 
2.66848 
2.68734 
2.69998 
2.71119 
2.69889 
2.63152 
2.5438 
2.50331 
2.51018 
2.5533 
2.71153 
3.03351 
3.35619 
3.52754 
3.59745 
3.59307 
3.50749 
3.42556 
3.29389 
3.00219 
2.72407 
2.65407 
2.70877 
2.71866 
2.69639 
2.74751 
2.85769 
2.95722 
3.16974 
3.33577 
3.04948 
2.65819 
2.52981 
2.4863 
2.47483 
2.60633 
2.89454 
3.13222 
3.19937 
3.19995 
3.19995 
3.19999 
3.20019 
1.50468 
1.53076 
1.59522 
1.66373 
1.69668 
1.69465 
1.68603 
1.68951 
1.70872 
1.73818 
1.76014 
1.7551 
1.72222 
1.69871 
1.70831 
1.7172 
1.6961 
1.66013 
1.63526 
1.62991 
1.64271 
1.66926 
1.69589 
1.71206 
1.72115 
1.73889 
1.77317 
1.7954 
1.77461 
1.75527 
1.8337 
2.02442 
2.20577 
2.29339 
2.35443 
2.44375 
2.53942 
2.61403 
2.64549 
2.63865 
2.60528 
2.5169 
2.37286 
2.24662 
2.18942 
2.20018 
2.26617 
2.33111 
2.33565 
2.30489 
2.28801 
2.29077 
2.3046 
2.33055 
2.38236 
2.4769 
2.58466 
2.65018 
2.67433 
2.68745 
2.69976 
2.70174 
2.65792 
2.56862 
2.5044 
2.4968 
2.52455 
2.64474 
2.93516 
3.27478 
3.48428 
3.57796 
3.60645 
3.54651 
3.456 
3.37481 
3.16246 
2.84126 
2.65334 
2.6615 
2.71613 
2.70322 
2.69376 
2.77209 
2.88512 
2.98726 
3.21342 
3.30339 
2.93458 
2.59586 
2.51701 
2.47754 
2.48468 
2.64357 
2.9432 
3.15392 
3.19998 
3.19995 
3.19995 
3.19999 
3.20117 
1.50754 
1.54752 
1.62982 
1.68748 
1.69397 
1.68412 
1.68393 
1.69962 
1.72769 
1.75338 
1.75686 
1.73052 
1.69973 
1.69833 
1.70892 
1.69628 
1.66355 
1.63471 
1.62478 
1.63443 
1.65976 
1.68889 
1.70696 
1.71602 
1.73031 
1.75953 
1.78381 
1.77135 
1.74804 
1.80096 
1.96108 
2.13342 
2.22944 
2.2862 
2.37594 
2.49183 
2.58124 
2.61477 
2.60662 
2.57291 
2.48826 
2.35693 
2.24307 
2.1854 
2.18997 
2.25486 
2.32364 
2.32995 
2.29653 
2.27765 
2.27909 
2.29103 
2.3139 
2.36222 
2.45125 
2.55653 
2.63007 
2.66114 
2.67499 
2.68735 
2.69499 
2.67134 
2.59559 
2.51531 
2.4875 
2.50215 
2.57929 
2.82365 
3.18543 
3.44123 
3.55117 
3.60404 
3.58118 
3.48742 
3.41647 
3.29105 
2.99774 
2.71742 
2.62862 
2.67849 
2.71477 
2.68849 
2.70125 
2.79767 
2.90541 
3.02275 
3.2533 
3.25977 
2.85019 
2.56103 
2.50362 
2.47067 
2.50127 
2.68889 
2.99265 
3.17254 
3.2 
3.19995 
3.19995 
3.19999 
3.20433 
1.5114 
1.56123 
1.64817 
1.68946 
1.6835 
1.6792 
1.69131 
1.71823 
1.74561 
1.75523 
1.73557 
1.70265 
1.69304 
1.70169 
1.69345 
1.66477 
1.63547 
1.62201 
1.62871 
1.65123 
1.67962 
1.70026 
1.71101 
1.72522 
1.75201 
1.77296 
1.76099 
1.73982 
1.78011 
1.92007 
2.0966 
2.20599 
2.24048 
2.2721 
2.35782 
2.48533 
2.5722 
2.58025 
2.54438 
2.46305 
2.33788 
2.23023 
2.17701 
2.18142 
2.24356 
2.31479 
2.32781 
2.29399 
2.26891 
2.26735 
2.2779 
2.29819 
2.33873 
2.42183 
2.53265 
2.6131 
2.64719 
2.66242 
2.67499 
2.68528 
2.6735 
2.61209 
2.52813 
2.48324 
2.48637 
2.53954 
2.72787 
3.07132 
3.3806 
3.52848 
3.5926 
3.60234 
3.52679 
3.44091 
3.36855 
3.1559 
2.83511 
2.63984 
2.62976 
2.69552 
2.70586 
2.67718 
2.71684 
2.82489 
2.9222 
3.06519 
3.2865 
3.19288 
2.77346 
2.54152 
2.49308 
2.4677 
2.51661 
2.72335 
3.02724 
3.18472 
3.20001 
3.19995 
3.19995 
3.2 
3.21266 
1.51307 
1.56364 
1.64508 
1.67837 
1.6753 
1.68293 
1.70717 
1.73667 
1.7509 
1.73794 
1.70646 
1.68882 
1.69543 
1.6934 
1.66765 
1.63711 
1.61941 
1.62225 
1.64415 
1.67287 
1.69389 
1.70553 
1.72025 
1.747 
1.76746 
1.75429 
1.73025 
1.76835 
1.90269 
2.07118 
2.18555 
2.2286 
2.24175 
2.26134 
2.31609 
2.41359 
2.50251 
2.52069 
2.44857 
2.32247 
2.21599 
2.16465 
2.16972 
2.23164 
2.30253 
2.3166 
2.28398 
2.25806 
2.25521 
2.26518 
2.28426 
2.32188 
2.39549 
2.50065 
2.5909 
2.63396 
2.64999 
2.66245 
2.67455 
2.673 
2.62505 
2.53896 
2.48013 
2.4732 
2.50582 
2.65207 
2.97356 
3.31104 
3.49839 
3.5803 
3.61549 
3.56944 
3.47108 
3.40342 
3.26554 
2.97195 
2.70573 
2.60564 
2.64304 
2.70579 
2.69247 
2.67322 
2.73858 
2.85221 
2.93743 
3.11108 
3.31137 
3.11211 
2.70229 
2.5296 
2.48617 
2.46884 
2.53814 
2.76368 
3.05539 
3.19047 
3.20001 
3.19996 
3.19996 
3.2 
3.2236 
1.51217 
1.55812 
1.633 
1.66803 
1.67522 
1.69591 
1.72633 
1.74559 
1.73643 
1.70554 
1.68569 
1.68961 
1.69053 
1.67106 
1.64096 
1.61883 
1.61637 
1.63447 
1.66401 
1.68788 
1.70051 
1.71531 
1.74216 
1.76258 
1.74938 
1.72039 
1.74616 
1.87738 
2.05607 
2.17637 
2.22012 
2.23329 
2.24554 
2.26345 
2.28932 
2.33472 
2.40148 
2.4178 
2.32574 
2.20946 
2.15211 
2.15724 
2.21914 
2.29005 
2.30474 
2.27307 
2.24688 
2.24293 
2.2522 
2.27088 
2.3082 
2.38086 
2.48205 
2.5703 
2.61766 
2.63729 
2.65002 
2.66214 
2.66719 
2.63632 
2.55663 
2.48236 
2.4617 
2.4813 
2.57766 
2.85418 
3.22477 
3.46333 
3.5609 
3.61331 
3.60346 
3.51589 
3.43299 
3.34032 
3.09562 
2.79206 
2.62472 
2.60055 
2.66494 
2.70842 
2.67777 
2.67704 
2.76462 
2.87809 
2.95723 
3.15529 
3.30691 
3.01436 
2.63898 
2.51917 
2.47907 
2.47166 
2.56599 
2.81902 
3.09193 
3.19656 
3.20002 
3.19996 
3.19996 
3.20001 
3.23861 
1.51085 
1.55287 
1.62453 
1.66496 
1.68408 
1.71368 
1.73876 
1.73735 
1.70739 
1.68022 
1.68203 
1.68802 
1.6724 
1.64455 
1.62021 
1.61312 
1.62781 
1.65513 
1.68006 
1.6949 
1.71043 
1.7397 
1.76294 
1.74795 
1.71597 
1.73093 
1.84101 
2.01826 
2.15849 
2.21265 
2.2255 
2.23647 
2.25279 
2.27068 
2.28415 
2.29857 
2.3206 
2.30837 
2.23128 
2.15496 
2.14653 
2.20666 
2.27755 
2.29227 
2.26149 
2.23649 
2.232 
2.23955 
2.2557 
2.28828 
2.35944 
2.46573 
2.55744 
2.60495 
2.62469 
2.63753 
2.64992 
2.65566 
2.63338 
2.56685 
2.4899 
2.45485 
2.46345 
2.53093 
2.75185 
3.11261 
3.40657 
3.53975 
3.60176 
3.61981 
3.55655 
3.46302 
3.39044 
3.21134 
2.90097 
2.66985 
2.58793 
2.61231 
2.69027 
2.7041 
2.6651 
2.68811 
2.79234 
2.89904 
2.98253 
3.19186 
3.2654 
2.90457 
2.58365 
2.50699 
2.47217 
2.47598 
2.58297 
2.85004 
3.11196 
3.19971 
3.20002 
3.19997 
3.19997 
3.20025 
3.26105 
1.51067 
1.55239 
1.62448 
1.67067 
1.69947 
1.72899 
1.73692 
1.71238 
1.68051 
1.6757 
1.68435 
1.6743 
1.64785 
1.62179 
1.61067 
1.62283 
1.64952 
1.67402 
1.68846 
1.70304 
1.733 
1.76372 
1.75507 
1.71703 
1.72494 
1.82733 
1.99171 
2.1329 
2.19953 
2.21771 
2.22794 
2.24329 
2.26117 
2.27546 
2.28487 
2.29022 
2.28623 
2.26438 
2.22057 
2.18378 
2.20671 
2.26524 
2.27955 
2.24882 
2.22436 
2.22043 
2.22767 
2.24269 
2.27084 
2.33113 
2.43376 
2.53676 
2.59215 
2.61218 
2.62501 
2.6375 
2.647 
2.63066 
2.56654 
2.48797 
2.44769 
2.45035 
2.49619 
2.67317 
3.01825 
3.34581 
3.514 
3.58905 
3.62542 
3.59189 
3.4971 
3.42271 
3.30444 
3.02306 
2.7373 
2.60385 
2.57779 
2.63812 
2.70973 
2.69213 
2.65711 
2.70565 
2.81973 
2.91347 
3.01397 
3.22513 
3.20732 
2.81119 
2.54872 
2.49687 
2.46799 
2.48389 
2.60509 
2.88091 
3.12624 
3.19999 
3.20002 
3.19997 
3.19997 
3.20295 
3.29045 
1.51131 
1.55509 
1.63172 
1.68477 
1.71653 
1.73489 
1.71985 
1.68456 
1.67102 
1.68072 
1.67684 
1.65281 
1.62476 
1.60771 
1.61498 
1.64224 
1.6686 
1.68338 
1.69511 
1.72073 
1.7532 
1.75396 
1.71869 
1.71197 
1.80511 
1.97634 
2.12185 
2.18954 
2.2096 
2.21948 
2.2337 
2.25184 
2.26714 
2.27719 
2.28445 
2.28512 
2.27554 
2.2696 
2.27199 
2.27516 
2.28081 
2.26937 
2.23508 
2.2109 
2.2078 
2.21532 
2.23027 
2.2581 
2.31481 
2.40888 
2.50991 
2.57403 
2.59952 
2.61251 
2.62498 
2.63472 
2.62629 
2.57336 
2.49098 
2.43891 
2.43608 
2.47314 
2.6165 
2.93016 
3.2795 
3.48561 
3.57375 
3.62108 
3.61348 
3.53347 
3.44605 
3.36447 
3.14675 
2.83221 
2.63658 
2.57105 
2.58555 
2.67145 
2.71551 
2.67474 
2.6557 
2.72719 
2.84509 
2.92414 
3.05264 
3.25491 
3.13941 
2.74127 
2.53775 
2.49262 
2.46759 
2.49448 
2.64313 
2.93572 
3.15059 
3.19999 
3.20002 
3.19997 
3.19997 
3.20817 
3.32393 
1.51121 
1.55533 
1.63679 
1.69747 
1.72693 
1.72727 
1.69557 
1.67065 
1.67589 
1.67864 
1.65863 
1.63001 
1.60751 
1.60613 
1.6297 
1.65969 
1.67787 
1.69 
1.71236 
1.74057 
1.74352 
1.71398 
1.70271 
1.7739 
1.93582 
2.10026 
2.18165 
2.20214 
2.21182 
2.22512 
2.24239 
2.25846 
2.26951 
2.27735 
2.28183 
2.27671 
2.26962 
2.28634 
2.32449 
2.3429 
2.30856 
2.24249 
2.20005 
2.19415 
2.20328 
2.21897 
2.24626 
2.30237 
2.39532 
2.49416 
2.55827 
2.58599 
2.59997 
2.61248 
2.62219 
2.61399 
2.56662 
2.49114 
2.43536 
2.42445 
2.45041 
2.56296 
2.85193 
3.21963 
3.45609 
3.55617 
3.61269 
3.62282 
3.56013 
3.46815 
3.39718 
3.23776 
2.93529 
2.687 
2.58553 
2.55731 
2.61028 
2.70251 
2.70879 
2.65746 
2.66192 
2.75254 
2.86794 
2.93617 
3.09761 
3.27176 
3.05539 
2.67952 
2.53372 
2.48804 
2.46891 
2.50223 
2.66717 
2.97037 
3.16599 
3.19999 
3.20002 
3.19996 
3.19996 
3.21597 
3.35573 
1.51057 
1.55253 
1.63205 
1.69284 
1.71699 
1.70525 
1.67705 
1.67278 
1.67833 
1.66332 
1.63529 
1.60967 
1.6001 
1.61647 
1.64713 
1.67027 
1.68481 
1.70742 
1.7345 
1.73561 
1.70591 
1.69273 
1.75595 
1.90565 
2.06871 
2.16451 
2.19429 
2.20374 
2.21663 
2.23408 
2.25029 
2.26166 
2.26994 
2.27606 
2.27501 
2.26624 
2.2726 
2.31089 
2.35432 
2.36088 
2.31498 
2.24659 
2.20219 
2.19424 
2.2092 
2.23932 
2.29429 
2.38401 
2.48169 
2.54574 
2.57345 
2.58753 
2.59998 
2.61121 
2.60508 
2.55696 
2.48054 
2.4251 
2.41301 
2.43721 
2.53561 
2.78663 
3.14444 
3.4207 
3.54561 
3.60331 
3.62589 
3.5807 
3.48657 
3.41634 
3.30688 
3.03639 
2.74562 
2.60565 
2.55649 
2.56004 
2.64667 
2.72193 
2.69389 
2.64537 
2.67449 
2.77945 
2.88641 
2.95443 
3.15081 
3.28178 
2.97426 
2.6258 
2.52533 
2.48103 
2.47148 
2.50952 
2.68032 
2.98388 
3.17075 
3.19999 
3.20002 
3.19996 
3.19996 
3.23001 
3.39497 
1.51029 
1.55107 
1.62377 
1.66868 
1.67784 
1.67182 
1.66948 
1.67651 
1.66713 
1.6389 
1.61124 
1.59695 
1.60602 
1.63406 
1.66104 
1.67911 
1.70207 
1.72994 
1.73205 
1.70015 
1.68032 
1.72996 
1.87213 
2.04516 
2.15131 
2.18492 
2.19586 
2.20761 
2.22445 
2.24188 
2.25415 
2.26246 
2.26943 
2.27149 
2.26413 
2.26115 
2.28809 
2.33568 
2.36427 
2.35433 
2.31856 
2.27449 
2.23173 
2.21311 
2.23744 
2.29865 
2.38412 
2.47247 
2.53329 
2.56094 
2.57498 
2.58753 
2.59922 
2.60001 
2.55958 
2.47817 
2.41452 
2.40034 
2.41741 
2.50353 
2.75131 
3.10872 
3.38694 
3.52409 
3.59325 
3.62197 
3.5879 
3.50104 
3.4273 
3.35449 
3.13747 
2.82304 
2.63202 
2.56838 
2.54129 
2.58464 
2.68774 
2.72553 
2.67346 
2.64025 
2.69294 
2.80677 
2.90053 
2.98227 
3.20782 
3.27432 
2.89763 
2.5856 
2.51561 
2.47456 
2.47508 
2.52559 
2.71683 
3.01573 
3.17985 
3.19999 
3.20002 
3.19996 
3.2001 
3.24621 
3.4361 
1.51028 
1.55039 
1.61432 
1.63597 
1.62722 
1.63865 
1.66619 
1.67253 
1.64745 
1.61452 
1.59412 
1.59748 
1.62268 
1.65144 
1.67282 
1.69745 
1.72488 
1.72764 
1.69734 
1.67201 
1.70768 
1.83374 
2.0061 
2.13137 
2.17712 
2.18833 
2.19974 
2.21568 
2.23277 
2.24601 
2.25496 
2.26225 
2.26627 
2.26154 
2.25368 
2.2681 
2.31238 
2.35206 
2.35778 
2.33541 
2.31004 
2.28916 
2.26218 
2.25716 
2.30939 
2.39618 
2.47441 
2.524 
2.54847 
2.56248 
2.57498 
2.58677 
2.5885 
2.55753 
2.48525 
2.41369 
2.38905 
2.40381 
2.46586 
2.67813 
3.0497 
3.36695 
3.51491 
3.58334 
3.61897 
3.5907 
3.5032 
3.42554 
3.37891 
3.22505 
2.91761 
2.67044 
2.58027 
2.54294 
2.54404 
2.62905 
2.72153 
2.71405 
2.65285 
2.64228 
2.71677 
2.83367 
2.91182 
3.01813 
3.25228 
3.23088 
2.82168 
2.56142 
2.50859 
2.47076 
2.4788 
2.54475 
2.76335 
3.05639 
3.19147 
3.19999 
3.20001 
3.19996 
3.20092 
3.2672 
3.47945 
1.51019 
1.54669 
1.59835 
1.60635 
1.59781 
1.62729 
1.67004 
1.67 
1.63227 
1.59826 
1.59071 
1.6111 
1.64129 
1.66606 
1.69252 
1.72241 
1.72635 
1.69446 
1.66742 
1.68995 
1.79758 
1.97041 
2.10834 
2.16482 
2.18038 
2.19153 
2.20765 
2.22491 
2.23812 
2.24734 
2.25489 
2.26022 
2.25789 
2.24865 
2.25241 
2.28766 
2.33447 
2.3535 
2.33807 
2.31297 
2.29659 
2.28575 
2.27773 
2.30794 
2.39264 
2.47455 
2.51734 
2.53704 
2.55 
2.56247 
2.57422 
2.57605 
2.54556 
2.47747 
2.40946 
2.38056 
2.39054 
2.45195 
2.63859 
2.9768 
3.31369 
3.49569 
3.57168 
3.61652 
3.6034 
3.51749 
3.42597 
3.3827 
3.27934 
3.00797 
2.72338 
2.59278 
2.54956 
2.52334 
2.56443 
2.67488 
2.73405 
2.69071 
2.63708 
2.65078 
2.74215 
2.85599 
2.92059 
3.06187 
3.28488 
3.1581 
2.74793 
2.5488 
2.50197 
2.46887 
2.48289 
2.55367 
2.78295 
3.07354 
3.19637 
3.19999 
3.20001 
3.19996 
3.20234 
3.29372 
3.52951 
1.50908 
1.53828 
1.57816 
1.58832 
1.60033 
1.64744 
1.68846 
1.67883 
1.63506 
1.60089 
1.60274 
1.63023 
1.65648 
1.68345 
1.71621 
1.72586 
1.69661 
1.66519 
1.6791 
1.76854 
1.92848 
2.08083 
2.15413 
2.17262 
2.18285 
2.19815 
2.21634 
2.23057 
2.23981 
2.24749 
2.2538 
2.25389 
2.24517 
2.24199 
2.26701 
2.3139 
2.3454 
2.33985 
2.31398 
2.29422 
2.28351 
2.27657 
2.2797 
2.32501 
2.41806 
2.49378 
2.52379 
2.5375 
2.55001 
2.56172 
2.5635 
2.53309 
2.46497 
2.39714 
2.36822 
2.37622 
2.4354 
2.62447 
2.95848 
3.28569 
3.47367 
3.55957 
3.60873 
3.60793 
3.53644 
3.4416 
3.39067 
3.31605 
3.08064 
2.77587 
2.60707 
2.55613 
2.52177 
2.52028 
2.60035 
2.70691 
2.72307 
2.66298 
2.62775 
2.66547 
2.76942 
2.87584 
2.9334 
3.11093 
3.30559 
3.07502 
2.68305 
2.54155 
2.4934 
2.46631 
2.48591 
2.56038 
2.79415 
3.07963 
3.19679 
3.19999 
3.20001 
3.19996 
3.20722 
3.32192 
3.57196 
1.50668 
1.5286 
1.56271 
1.58699 
1.62535 
1.6789 
1.70295 
1.68896 
1.65986 
1.63756 
1.6383 
1.65353 
1.67381 
1.70295 
1.71858 
1.69593 
1.66372 
1.66821 
1.74087 
1.89166 
2.05177 
2.13882 
2.16421 
2.17508 
2.18935 
2.20687 
2.2221 
2.2323 
2.23998 
2.24667 
2.24877 
2.24212 
2.23518 
2.25053 
2.29345 
2.33313 
2.33911 
2.31708 
2.29361 
2.28013 
2.27216 
2.27023 
2.27751 
2.31575 
2.39762 
2.47694 
2.51838 
2.53692 
2.54822 
2.54882 
2.51917 
2.45231 
2.38459 
2.35572 
2.36241 
2.4029 
2.57177 
2.92295 
3.27716 
3.46773 
3.54811 
3.60273 
3.61451 
3.54954 
3.45074 
3.39854 
3.35085 
3.15234 
2.83741 
2.62518 
2.5594 
2.52752 
2.50331 
2.54155 
2.6489 
2.72442 
2.69829 
2.63841 
2.62526 
2.68534 
2.79768 
2.89433 
2.95761 
3.16427 
3.30407 
2.98572 
2.63176 
2.53825 
2.48691 
2.46684 
2.48958 
2.5836 
2.83737 
3.10238 
3.19793 
3.19999 
3.20001 
3.19996 
3.21724 
3.35798 
3.61409 
1.50487 
1.52341 
1.55996 
1.60448 
1.65884 
1.69709 
1.69943 
1.69042 
1.68968 
1.69522 
1.69365 
1.68565 
1.69511 
1.70984 
1.69362 
1.66107 
1.65568 
1.71051 
1.84576 
2.0142 
2.12237 
2.15635 
2.16687 
2.1809 
2.1986 
2.21393 
2.2245 
2.23253 
2.23967 
2.24299 
2.23765 
2.22923 
2.23763 
2.27468 
2.31874 
2.33489 
2.31806 
2.29338 
2.27766 
2.2682 
2.26439 
2.26798 
2.28003 
2.31805 
2.38583 
2.4524 
2.50028 
2.52854 
2.52807 
2.49358 
2.43261 
2.37141 
2.34319 
2.34988 
2.38711 
2.51892 
2.83324 
3.22101 
3.45731 
3.54314 
3.59414 
3.61575 
3.56825 
3.47047 
3.40089 
3.35996 
3.2082 
2.90774 
2.6549 
2.56341 
2.53383 
2.50116 
2.50476 
2.58464 
2.69262 
2.72166 
2.66858 
2.62103 
2.62934 
2.70794 
2.82429 
2.91015 
2.98433 
3.2013 
3.27133 
2.89999 
2.59373 
2.53111 
2.47986 
2.46944 
2.49402 
2.61315 
2.89257 
3.13143 
3.19938 
3.19999 
3.20001 
3.19996 
3.22888 
3.39392 
3.65102 
1.50446 
1.5247 
1.57385 
1.63623 
1.6844 
1.69695 
1.68989 
1.6927 
1.71301 
1.73517 
1.72723 
1.7013 
1.69774 
1.69411 
1.66441 
1.64656 
1.68318 
1.79971 
1.96946 
2.09763 
2.14568 
2.15879 
2.17159 
2.18917 
2.20577 
2.21697 
2.22501 
2.23225 
2.23685 
2.23366 
2.22472 
2.22753 
2.25801 
2.30362 
2.32984 
2.32036 
2.29414 
2.27504 
2.2644 
2.25894 
2.2609 
2.26906 
2.29156 
2.33919 
2.39235 
2.43117 
2.46807 
2.49163 
2.46413 
2.39968 
2.34842 
2.32988 
2.33739 
2.37482 
2.50475 
2.79654 
3.1639 
3.42119 
3.53294 
3.59032 
3.61381 
3.57198 
3.4833 
3.41704 
3.37762 
3.23567 
2.94651 
2.68177 
2.56748 
2.53625 
2.50541 
2.48853 
2.53506 
2.63996 
2.71257 
2.69488 
2.63906 
2.61175 
2.64039 
2.73337 
2.85152 
2.92945 
3.01906 
3.225 
3.20878 
2.81875 
2.57087 
2.52404 
2.47336 
2.47152 
2.49663 
2.6261 
2.9164 
3.14389 
3.19999 
3.19999 
3.20001 
3.19996 
3.2464 
3.43574 
3.68182 
1.50532 
1.53449 
1.60328 
1.66868 
1.69274 
1.68807 
1.68769 
1.70604 
1.73225 
1.74046 
1.71473 
1.68741 
1.68686 
1.67903 
1.6518 
1.65592 
1.74835 
1.91969 
2.06921 
2.13406 
2.15121 
2.16356 
2.18017 
2.19685 
2.20903 
2.21748 
2.22474 
2.22943 
2.22735 
2.21938 
2.22024 
2.24641 
2.28987 
2.32151 
2.32081 
2.29655 
2.27336 
2.26041 
2.25386 
2.2541 
2.26025 
2.27524 
2.31311 
2.36617 
2.403 
2.42015 
2.43694 
2.43375 
2.38356 
2.32826 
2.31246 
2.32459 
2.36251 
2.49381 
2.78777 
3.15429 
3.40932 
3.52026 
3.58054 
3.61541 
3.58099 
3.48855 
3.41955 
3.39559 
3.28722 
3.00027 
2.69917 
2.56259 
2.53338 
2.50715 
2.48136 
2.50284 
2.59262 
2.68608 
2.70192 
2.658 
2.61618 
2.60948 
2.65743 
2.76018 
2.87667 
2.95009 
3.06621 
3.25197 
3.13489 
2.74477 
2.55628 
2.51421 
2.46889 
2.47543 
2.50339 
2.6436 
2.93667 
3.15159 
3.20001 
3.19999 
3.20001 
3.2002 
3.26776 
3.48272 
3.71212 
1.50836 
1.55059 
1.63335 
1.68495 
1.68714 
1.68294 
1.69729 
1.72463 
1.73687 
1.71697 
1.68731 
1.68272 
1.69367 
1.68055 
1.65247 
1.68397 
1.83253 
2.0194 
2.11903 
2.1428 
2.15536 
2.1722 
2.18895 
2.20122 
2.20992 
2.21721 
2.22193 
2.21992 
2.21199 
2.21045 
2.23307 
2.27738 
2.31355 
2.31864 
2.29759 
2.27228 
2.25596 
2.24796 
2.24744 
2.25272 
2.26281 
2.29017 
2.34067 
2.38704 
2.40873 
2.41756 
2.42114 
2.39987 
2.3508 
2.31544 
2.31511 
2.3506 
2.48269 
2.7799 
3.15155 
3.41114 
3.52128 
3.57555 
3.61214 
3.59394 
3.50949 
3.4287 
3.39551 
3.30539 
3.05183 
2.74306 
2.56832 
2.52646 
2.50528 
2.47661 
2.48065 
2.55062 
2.65244 
2.697 
2.66978 
2.62848 
2.60346 
2.61306 
2.6789 
2.78822 
2.89903 
2.96885 
3.11421 
3.26855 
3.05147 
2.68349 
2.55228 
2.50447 
2.46531 
2.47949 
2.51681 
2.68428 
2.98315 
3.16902 
3.20001 
3.19999 
3.20002 
3.20291 
3.29237 
3.52593 
3.73393 
1.51173 
1.56042 
1.64281 
1.68054 
1.67986 
1.69003 
1.71544 
1.73319 
1.71832 
1.68741 
1.68091 
1.69764 
1.70051 
1.67341 
1.64379 
1.69326 
1.86681 
2.04846 
2.12743 
2.14629 
2.16276 
2.18062 
2.19371 
2.20241 
2.20972 
2.2144 
2.21241 
2.20455 
2.20251 
2.22131 
2.2619 
2.30128 
2.31317 
2.29672 
2.27142 
2.2529 
2.24286 
2.24059 
2.24524 
2.25351 
2.27275 
2.31561 
2.36695 
2.39804 
2.40993 
2.41599 
2.413 
2.39343 
2.37656 
2.37816 
2.39012 
2.48802 
2.77278 
3.14769 
3.4137 
3.53033 
3.58161 
3.60676 
3.58745 
3.51816 
3.44428 
3.40152 
3.30359 
3.05419 
2.75391 
2.57334 
2.52018 
2.49958 
2.47187 
2.46689 
2.52168 
2.61899 
2.6824 
2.6736 
2.63804 
2.61067 
2.59804 
2.62335 
2.70566 
2.81898 
2.92155 
2.99032 
3.15714 
3.26831 
2.96844 
2.63409 
2.55297 
2.4988 
2.46284 
2.48101 
2.52656 
2.71613 
3.01955 
3.18268 
3.20001 
3.2 
3.20002 
3.20813 
3.32393 
3.57345 
3.75136 
1.51213 
1.55809 
1.63356 
1.67037 
1.68262 
1.7078 
1.72851 
1.72032 
1.69174 
1.67984 
1.69475 
1.70415 
1.68479 
1.64869 
1.6227 
1.65843 
1.79367 
1.96221 
2.07806 
2.13869 
2.16964 
2.18543 
2.19491 
2.20243 
2.20775 
2.2059 
2.19744 
2.19506 
2.21355 
2.25221 
2.28973 
2.3032 
2.28963 
2.26579 
2.24762 
2.23752 
2.23443 
2.23804 
2.2453 
2.2591 
2.29365 
2.34554 
2.38507 
2.40188 
2.40933 
2.41044 
2.40021 
2.38999 
2.43716 
2.53745 
2.62815 
2.81619 
3.14531 
3.41274 
3.53433 
3.59117 
3.6103 
3.5732 
3.49838 
3.43868 
3.40441 
3.30284 
3.04886 
2.74454 
2.56157 
2.50776 
2.48795 
2.46207 
2.45178 
2.49498 
2.59084 
2.66712 
2.67355 
2.64535 
2.61998 
2.5989 
2.59725 
2.64154 
2.73729 
2.84944 
2.94074 
3.01578 
3.19579 
3.24597 
2.88825 
2.59781 
2.54892 
2.48995 
2.46151 
2.48289 
2.53186 
2.72964 
3.03229 
3.18666 
3.20001 
3.19999 
3.20002 
3.21593 
3.35573 
3.61365 
3.76291 
1.51083 
1.55288 
1.62573 
1.67145 
1.6977 
1.72307 
1.72199 
1.69492 
1.68024 
1.69164 
1.70179 
1.68846 
1.65538 
1.62254 
1.60744 
1.62475 
1.69276 
1.80688 
1.9395 
2.0617 
2.14423 
2.18123 
2.19451 
2.20109 
2.20113 
2.19267 
2.18822 
2.2058 
2.24444 
2.28008 
2.29136 
2.27898 
2.2562 
2.23757 
2.22882 
2.22711 
2.23072 
2.23759 
2.24789 
2.27414 
2.32288 
2.36965 
2.39307 
2.40221 
2.40553 
2.39832 
2.38486 
2.40019 
2.52423 
2.72821 
2.9194 
3.15553 
3.40111 
3.53481 
3.59277 
3.6136 
3.57184 
3.48549 
3.42295 
3.39778 
3.30071 
3.04335 
2.73519 
2.54989 
2.49537 
2.47543 
2.44936 
2.43531 
2.46635 
2.55584 
2.64515 
2.66772 
2.65154 
2.63678 
2.61254 
2.58987 
2.60208 
2.66638 
2.77091 
2.87729 
2.95699 
3.04573 
3.22657 
3.19898 
2.81367 
2.577 
2.54336 
2.48157 
2.46287 
2.48654 
2.5483 
2.76428 
3.05539 
3.19051 
3.20001 
3.19999 
3.20001 
3.22996 
3.39496 
3.65 
3.76732 
1.51032 
1.5524 
1.63048 
1.68779 
1.71585 
1.72082 
1.69947 
1.68155 
1.68874 
1.6987 
1.68724 
1.6579 
1.6253 
1.60534 
1.60602 
1.62655 
1.66131 
1.70759 
1.78317 
1.90205 
2.0315 
2.12628 
2.17724 
2.19375 
2.1886 
2.18145 
2.19488 
2.23408 
2.27167 
2.28028 
2.26465 
2.24413 
2.22768 
2.21872 
2.21833 
2.2231 
2.23003 
2.23907 
2.25908 
2.30144 
2.35174 
2.38273 
2.39487 
2.40059 
2.39678 
2.38245 
2.37991 
2.45021 
2.6401 
2.86571 
3.05557 
3.26619 
3.47009 
3.58471 
3.61358 
3.57184 
3.48433 
3.41928 
3.39383 
3.29752 
3.03801 
2.72586 
2.53809 
2.4829 
2.463 
2.43687 
2.42203 
2.444 
2.52056 
2.61711 
2.65722 
2.64882 
2.64906 
2.63931 
2.60285 
2.58462 
2.61398 
2.69514 
2.80362 
2.90374 
2.97399 
3.08292 
3.25052 
3.13084 
2.74576 
2.56782 
2.53475 
2.47391 
2.46449 
2.48885 
2.57332 
2.81909 
3.09193 
3.1966 
3.20001 
3.19999 
3.20003 
3.24376 
3.43153 
3.6818 
3.76763 
1.51115 
1.5582 
1.64722 
1.70878 
1.72013 
1.69995 
1.67989 
1.68483 
1.69577 
1.68706 
1.65907 
1.62694 
1.60445 
1.60071 
1.61719 
1.64584 
1.67116 
1.68599 
1.71163 
1.77153 
1.86226 
1.97306 
2.08171 
2.14962 
2.1701 
2.18239 
2.2175 
2.25875 
2.2715 
2.2547 
2.23259 
2.21782 
2.21034 
2.20998 
2.21524 
2.2225 
2.2307 
2.24669 
2.2835 
2.33415 
2.37106 
2.38691 
2.39395 
2.39444 
2.3834 
2.37077 
2.40154 
2.54355 
2.76782 
2.9531 
3.06614 
3.19594 
3.3997 
3.56206 
3.56916 
3.48436 
3.41933 
3.39346 
3.2956 
3.03247 
2.71651 
2.52647 
2.47048 
2.45043 
2.42441 
2.40955 
2.43061 
2.49968 
2.58952 
2.63993 
2.64344 
2.65294 
2.66176 
2.62858 
2.58587 
2.58463 
2.63403 
2.72862 
2.83421 
2.92748 
2.98971 
3.12121 
3.267 
3.05205 
2.6841 
2.56412 
2.52341 
2.46585 
2.4654 
2.49083 
2.59277 
2.85752 
3.11531 
3.19975 
3.20001 
3.19999 
3.20055 
3.25876 
3.46348 
3.7024 
3.76426 
1.51306 
1.56727 
1.66404 
1.71428 
1.70234 
1.67902 
1.67671 
1.68634 
1.68207 
1.65984 
1.62856 
1.60349 
1.5958 
1.6083 
1.63625 
1.66325 
1.67839 
1.69002 
1.71134 
1.7309 
1.74417 
1.7915 
1.89722 
2.0291 
2.13197 
2.1953 
2.24171 
2.26059 
2.24588 
2.22278 
2.20826 
2.20222 
2.20247 
2.20773 
2.21502 
2.22319 
2.23745 
2.26887 
2.3168 
2.35837 
2.37866 
2.38702 
2.38915 
2.38091 
2.368 
2.37875 
2.47195 
2.66753 
2.87544 
3.00603 
3.0501 
3.08874 
3.23856 
3.41566 
3.4564 
3.41814 
3.39314 
3.29359 
3.02717 
2.70714 
2.51465 
2.45807 
2.43798 
2.41186 
2.39606 
2.41596 
2.4855 
2.57454 
2.6238 
2.63069 
2.65118 
2.68123 
2.66087 
2.60356 
2.57273 
2.59312 
2.66477 
2.76868 
2.86341 
2.94701 
3.00664 
3.1592 
3.26523 
2.96644 
2.6344 
2.56562 
2.51578 
2.46255 
2.46893 
2.49734 
2.62129 
2.901 
3.13519 
3.20003 
3.20001 
3.19999 
3.2018 
3.28367 
3.5108 
3.72568 
3.75535 
1.51449 
1.57128 
1.66259 
1.69305 
1.67549 
1.67229 
1.67866 
1.67238 
1.65321 
1.62826 
1.6035 
1.5913 
1.59928 
1.62488 
1.65419 
1.67228 
1.68281 
1.70268 
1.72547 
1.72283 
1.70037 
1.69535 
1.74538 
1.88602 
2.07346 
2.20288 
2.24727 
2.2389 
2.21407 
2.19796 
2.19264 
2.1945 
2.20023 
2.20755 
2.21656 
2.23167 
2.26136 
2.30574 
2.34656 
2.36946 
2.37919 
2.38272 
2.37711 
2.36393 
2.36413 
2.42896 
2.59394 
2.79792 
2.95111 
3.02093 
3.01994 
3.0019 
3.0201 
3.11409 
3.26909 
3.37578 
3.30731 
3.02953 
2.69816 
2.50299 
2.44564 
2.42546 
2.39937 
2.38251 
2.3958 
2.46102 
2.55854 
2.61469 
2.61974 
2.64146 
2.68967 
2.69383 
2.63489 
2.57867 
2.56958 
2.61295 
2.7059 
2.80885 
2.89078 
2.96493 
3.0246 
3.19015 
3.24213 
2.88563 
2.59909 
2.56406 
2.50579 
2.46022 
2.47365 
2.50564 
2.65628 
2.95329 
3.15843 
3.20003 
3.20001 
3.2 
3.20278 
3.30317 
3.54785 
3.74281 
3.74308 
1.51371 
1.56349 
1.63786 
1.66208 
1.66205 
1.67129 
1.66713 
1.64783 
1.62401 
1.60145 
1.58823 
1.59167 
1.61351 
1.64372 
1.66513 
1.67564 
1.69216 
1.7214 
1.73176 
1.70883 
1.68388 
1.67701 
1.70726 
1.83649 
2.04742 
2.1962 
2.22912 
2.21015 
2.19038 
2.18393 
2.18618 
2.19257 
2.20005 
2.20961 
2.22825 
2.2607 
2.30181 
2.33909 
2.36162 
2.3713 
2.37339 
2.36832 
2.35851 
2.35795 
2.40407 
2.53842 
2.73212 
2.89755 
2.9872 
3.0012 
2.98174 
2.92296 
2.77887 
2.7398 
2.99275 
3.2288 
3.07767 
2.71564 
2.49142 
2.43223 
2.41258 
2.38688 
2.37001 
2.38107 
2.4349 
2.52729 
2.60012 
2.61579 
2.63275 
2.68578 
2.71114 
2.66587 
2.59726 
2.56169 
2.5737 
2.64076 
2.74819 
2.84007 
2.91506 
2.98169 
3.0471 
3.21654 
3.19648 
2.81069 
2.57936 
2.56049 
2.49394 
2.45639 
2.4757 
2.5144 
2.68503 
2.98759 
3.17173 
3.20003 
3.20001 
3.2 
3.20602 
3.31847 
3.56897 
3.74786 
3.72907 
1.51061 
1.54905 
1.61286 
1.65001 
1.6623 
1.66057 
1.64449 
1.62322 
1.60018 
1.58449 
1.58479 
1.60297 
1.63282 
1.65749 
1.66945 
1.68145 
1.71066 
1.73681 
1.72359 
1.6909 
1.67459 
1.6829 
1.74386 
1.89841 
2.08498 
2.18895 
2.20804 
2.19644 
2.18286 
2.17997 
2.18514 
2.19254 
2.2021 
2.22175 
2.25886 
2.3029 
2.33588 
2.35447 
2.3638 
2.36537 
2.35808 
2.34746 
2.34919 
2.39389 
2.51344 
2.68779 
2.84874 
2.94944 
2.97878 
2.96375 
2.92709 
2.79573 
2.56739 
2.47468 
2.69579 
2.91196 
2.76375 
2.5087 
2.41586 
2.39485 
2.3725 
2.35752 
2.36857 
2.42041 
2.50339 
2.57261 
2.60186 
2.6266 
2.67961 
2.71804 
2.68859 
2.61799 
2.566 
2.55462 
2.5878 
2.67522 
2.78424 
2.86291 
2.9375 
2.99459 
3.08325 
3.25273 
3.13545 
2.74147 
2.5716 
2.55388 
2.48382 
2.45516 
2.47743 
2.53088 
2.72745 
3.02497 
3.18251 
3.20003 
3.20001 
3.19999 
3.21501 
3.34996 
3.60497 
3.7548 
3.71152 
1.5087 
1.54486 
1.61333 
1.65663 
1.65728 
1.64036 
1.62067 
1.59981 
1.58255 
1.57894 
1.59295 
1.62116 
1.64875 
1.66354 
1.67274 
1.69644 
1.73249 
1.7375 
1.70276 
1.67393 
1.67394 
1.71024 
1.82281 
2.00273 
2.1403 
2.19132 
2.20654 
2.20739 
2.19663 
2.18751 
2.18696 
2.19412 
2.21322 
2.25133 
2.2979 
2.33194 
2.34863 
2.35641 
2.35787 
2.35031 
2.33868 
2.33945 
2.38249 
2.49595 
2.6609 
2.81397 
2.90969 
2.94348 
2.9384 
2.9174 
2.82226 
2.61427 
2.4191 
2.37921 
2.5101 
2.60545 
2.51752 
2.41197 
2.37475 
2.35223 
2.34435 
2.36128 
2.41275 
2.49091 
2.55076 
2.57413 
2.60636 
2.66808 
2.71754 
2.70636 
2.64137 
2.5776 
2.54801 
2.55696 
2.6133 
2.71544 
2.8136 
2.88324 
2.95972 
3.00381 
3.12831 
3.28637 
3.06089 
2.68068 
2.57066 
2.54268 
2.47406 
2.45681 
2.48143 
2.54847 
2.77011 
3.06206 
3.19302 
3.20003 
3.20001 
3.19999 
3.22425 
3.382 
3.64127 
3.76311 
3.69838 
1.50994 
1.55204 
1.62631 
1.65886 
1.64283 
1.62001 
1.59818 
1.57981 
1.574 
1.58422 
1.60975 
1.63908 
1.65717 
1.66588 
1.68266 
1.71921 
1.74343 
1.71939 
1.67849 
1.66536 
1.69005 
1.77659 
1.93828 
2.096 
2.17255 
2.19822 
2.216 
2.22489 
2.22035 
2.20636 
2.19504 
2.20259 
2.23799 
2.28783 
2.32445 
2.34121 
2.34893 
2.35038 
2.34281 
2.33115 
2.33146 
2.372 
2.47817 
2.63135 
2.77706 
2.8707 
2.90057 
2.89712 
2.8844 
2.81764 
2.64621 
2.44722 
2.35086 
2.38747 
2.46627 
2.46683 
2.40744 
2.36298 
2.33654 
2.3289 
2.35511 
2.41702 
2.49205 
2.54096 
2.55279 
2.57596 
2.6429 
2.70741 
2.71386 
2.66085 
2.59346 
2.55064 
2.54062 
2.56824 
2.64626 
2.75461 
2.83716 
2.90634 
2.98193 
3.01301 
3.16722 
3.29315 
2.9786 
2.63137 
2.57346 
2.5352 
2.46795 
2.45881 
2.4853 
2.56716 
2.80738 
3.08656 
3.19713 
3.20002 
3.2 
3.19999 
3.23565 
3.4114 
3.66552 
3.76216 
3.68351 
1.51133 
1.55606 
1.6269 
1.64702 
1.62359 
1.59903 
1.57874 
1.56928 
1.57598 
1.59869 
1.62874 
1.65023 
1.66008 
1.67169 
1.70229 
1.73725 
1.73141 
1.68964 
1.66322 
1.67591 
1.74282 
1.88747 
2.05544 
2.15305 
2.18604 
2.20559 
2.22189 
2.2318 
2.23388 
2.2232 
2.21006 
2.22411 
2.26966 
2.31294 
2.33363 
2.34146 
2.34292 
2.33534 
2.32352 
2.32202 
2.35882 
2.46007 
2.60457 
2.74045 
2.83224 
2.86396 
2.86015 
2.85085 
2.78977 
2.63392 
2.45403 
2.34847 
2.35326 
2.42757 
2.45834 
2.41616 
2.37051 
2.33909 
2.32665 
2.35395 
2.419 
2.4958 
2.53924 
2.54253 
2.55744 
2.61721 
2.68783 
2.71314 
2.67488 
2.60815 
2.55766 
2.53459 
2.54124 
2.58879 
2.68375 
2.78764 
2.85849 
2.93476 
2.99949 
3.02659 
3.20818 
3.28042 
2.90087 
2.59895 
2.57603 
2.52591 
2.46326 
2.46183 
2.48914 
2.59677 
2.86258 
3.11561 
3.19859 
3.20002 
3.2 
3.19999 
3.25557 
3.45622 
3.69486 
3.75626 
3.66285 
1.51114 
1.5524 
1.61386 
1.62606 
1.59999 
1.57708 
1.56593 
1.56905 
1.58787 
1.61759 
1.64233 
1.6543 
1.66383 
1.68842 
1.72595 
1.7352 
1.69888 
1.66353 
1.66564 
1.71655 
1.84233 
2.01331 
2.1318 
2.17476 
2.19426 
2.21206 
2.22428 
2.23195 
2.23315 
2.22414 
2.21876 
2.24252 
2.28849 
2.32175 
2.33454 
2.33706 
2.3293 
2.31647 
2.31198 
2.33794 
2.42859 
2.57315 
2.70911 
2.8014 
2.83808 
2.833 
2.8216 
2.76542 
2.61482 
2.43996 
2.33479 
2.32434 
2.39419 
2.45057 
2.42216 
2.37564 
2.35587 
2.345 
2.36486 
2.43004 
2.49692 
2.52673 
2.52862 
2.54497 
2.60265 
2.67189 
2.70698 
2.68497 
2.62286 
2.56675 
2.53544 
2.52753 
2.55128 
2.61957 
2.72394 
2.81362 
2.88107 
2.96554 
3.00784 
3.05527 
3.27302 
3.26926 
2.84019 
2.58446 
2.57532 
2.51247 
2.45838 
2.46653 
2.49341 
2.62004 
2.9058 
3.13836 
3.19972 
3.20002 
3.2 
3.20022 
3.27261 
3.49348 
3.71813 
3.75174 
3.64894 
1.50962 
1.54414 
1.59431 
1.60098 
1.57683 
1.56219 
1.56273 
1.57812 
1.60645 
1.63373 
1.64847 
1.65708 
1.67683 
1.71484 
1.737 
1.70898 
1.66492 
1.65742 
1.70089 
1.80835 
1.96961 
2.10467 
2.1624 
2.18292 
2.20157 
2.21582 
2.22489 
2.22988 
2.22522 
2.21397 
2.21353 
2.24036 
2.28704 
2.3218 
2.33265 
2.32717 
2.31277 
2.30395 
2.31925 
2.38886 
2.52174 
2.66662 
2.7684 
2.81066 
2.80985 
2.79543 
2.73837 
2.5934 
2.42312 
2.32118 
2.30091 
2.35873 
2.44081 
2.43993 
2.38162 
2.35334 
2.3532 
2.36891 
2.42372 
2.49461 
2.51899 
2.51001 
2.52868 
2.58991 
2.65968 
2.69981 
2.69132 
2.63652 
2.57467 
2.53741 
2.52116 
2.529 
2.57306 
2.66097 
2.76374 
2.83589 
2.90754 
2.99216 
3.00784 
3.10042 
3.34032 
3.22861 
2.77595 
2.57924 
2.574 
2.50336 
2.45603 
2.46998 
2.49714 
2.63038 
2.92148 
3.14585 
3.2 
3.20002 
3.2 
3.20292 
3.29264 
3.52642 
3.73142 
3.74082 
3.6347 
1.50739 
1.5346 
1.57281 
1.57612 
1.5604 
1.55767 
1.56997 
1.59581 
1.62443 
1.6422 
1.65115 
1.6675 
1.70318 
1.73488 
1.72025 
1.67232 
1.6492 
1.68479 
1.7909 
1.94698 
2.08118 
2.14737 
2.17191 
2.19048 
2.20679 
2.21722 
2.22444 
2.22513 
2.21496 
2.20491 
2.20887 
2.23865 
2.2886 
2.32319 
2.32652 
2.31278 
2.29993 
2.30407 
2.35323 
2.46865 
2.61256 
2.72729 
2.78058 
2.77874 
2.76117 
2.70765 
2.56926 
2.40311 
2.30188 
2.28161 
2.33183 
2.41872 
2.4494 
2.40029 
2.3536 
2.34446 
2.35478 
2.39818 
2.47876 
2.52525 
2.5141 
2.52363 
2.58127 
2.64771 
2.68942 
2.69047 
2.64687 
2.5831 
2.5372 
2.51535 
2.51439 
2.54168 
2.60802 
2.7084 
2.79633 
2.85765 
2.93916 
3.00786 
3.00429 
3.15792 
3.40003 
3.17483 
2.71631 
2.57554 
2.56682 
2.49285 
2.45499 
2.47344 
2.50649 
2.65738 
2.95228 
3.1574 
3.2 
3.20002 
3.2 
3.20814 
3.32396 
3.5734 
3.74815 
3.7263 
3.61756 
1.50516 
1.52461 
1.552 
1.55709 
1.55319 
1.56219 
1.58597 
1.61559 
1.63563 
1.64532 
1.65843 
1.69068 
1.72945 
1.72892 
1.68307 
1.64712 
1.66438 
1.75781 
1.91977 
2.06728 
2.13792 
2.16135 
2.17916 
2.19702 
2.20928 
2.21741 
2.2223 
2.21734 
2.20502 
2.20069 
2.21489 
2.25458 
2.30263 
2.32155 
2.30979 
2.29491 
2.29333 
2.32286 
2.41401 
2.55334 
2.67928 
2.74825 
2.75519 
2.73578 
2.68342 
2.54857 
2.38346 
2.28114 
2.26073 
2.3141 
2.40771 
2.45097 
2.4097 
2.35652 
2.33763 
2.34093 
2.36495 
2.44139 
2.54735 
2.5802 
2.55999 
2.58728 
2.64288 
2.67857 
2.68557 
2.65157 
2.58963 
2.5386 
2.51104 
2.50234 
2.51882 
2.56885 
2.65649 
2.75397 
2.82055 
2.88437 
2.97382 
3.01228 
3.01109 
3.23369 
3.43917 
3.1062 
2.67099 
2.58016 
2.55927 
2.48225 
2.45497 
2.47814 
2.52076 
2.70001 
3.001 
3.17567 
3.2 
3.20002 
3.2 
3.21307 
3.34809 
3.60688 
3.75818 
3.71455 
3.60602 
1.50326 
1.51606 
1.53682 
1.54738 
1.55544 
1.57638 
1.60566 
1.62864 
1.63972 
1.65101 
1.67914 
1.71822 
1.72932 
1.6928 
1.64974 
1.65501 
1.73327 
1.88063 
2.03685 
2.12486 
2.15188 
2.16796 
2.18659 
2.20087 
2.20993 
2.21652 
2.21665 
2.20672 
2.19727 
2.20245 
2.23133 
2.27901 
2.31199 
2.30636 
2.28412 
2.27496 
2.28876 
2.3545 
2.48379 
2.62172 
2.70933 
2.7281 
2.71282 
2.67623 
2.55688 
2.38161 
2.26828 
2.24742 
2.29811 
2.39228 
2.44849 
2.41827 
2.35875 
2.33105 
2.33036 
2.34277 
2.3877 
2.49439 
2.61141 
2.64726 
2.63196 
2.64198 
2.66857 
2.67894 
2.65486 
2.59649 
2.53993 
2.50781 
2.49409 
2.50089 
2.53631 
2.60999 
2.71029 
2.78945 
2.84338 
2.9211 
3.00327 
3.00725 
3.04267 
3.32182 
3.41908 
2.9829 
2.61876 
2.58466 
2.55184 
2.47524 
2.45555 
2.48074 
2.52819 
2.72207 
3.02621 
3.18512 
3.2 
3.20002 
3.2 
3.22351 
3.37773 
3.63484 
3.75939 
3.6975 
3.59177 
1.50246 
1.51278 
1.53184 
1.54754 
1.56695 
1.59633 
1.62123 
1.63393 
1.64342 
1.6674 
1.70828 
1.72805 
1.69739 
1.6506 
1.64306 
1.71289 
1.85994 
2.0153 
2.10805 
2.14136 
2.15713 
2.17559 
2.19185 
2.20223 
2.20981 
2.21335 
2.20693 
2.1956 
2.19391 
2.21356 
2.25669 
2.29841 
2.30534 
2.28288 
2.26281 
2.25669 
2.27659 
2.36826 
2.52542 
2.65767 
2.70277 
2.69064 
2.66371 
2.57242 
2.40353 
2.27049 
2.24636 
2.30285 
2.38064 
2.42273 
2.40323 
2.35532 
2.32592 
2.3206 
2.32891 
2.35506 
2.42792 
2.54933 
2.64773 
2.67986 
2.67438 
2.66611 
2.66764 
2.65434 
2.60371 
2.54335 
2.50485 
2.48676 
2.48636 
2.5108 
2.56877 
2.66172 
2.75489 
2.81238 
2.87166 
2.96185 
3.01781 
2.9973 
3.10681 
3.41657 
3.35962 
2.85519 
2.58241 
2.5852 
2.53801 
2.46736 
2.45742 
2.48284 
2.53638 
2.73977 
3.03894 
3.18771 
3.2 
3.20002 
3.2 
3.23917 
3.41949 
3.67136 
3.76218 
3.6804 
3.57606 
1.50243 
1.51288 
1.53448 
1.55849 
1.58621 
1.61308 
1.62843 
1.63829 
1.65883 
1.69618 
1.72289 
1.70299 
1.6554 
1.63592 
1.68534 
1.82201 
1.99205 
2.09861 
2.13295 
2.14693 
2.16424 
2.18208 
2.19426 
2.20243 
2.20833 
2.20629 
2.19533 
2.18802 
2.19795 
2.23384 
2.28114 
2.30109 
2.28476 
2.2618 
2.24934 
2.24181 
2.25491 
2.33375 
2.48853 
2.62773 
2.66741 
2.65377 
2.59173 
2.43613 
2.2811 
2.24023 
2.30633 
2.39094 
2.41007 
2.37198 
2.33281 
2.31419 
2.31067 
2.31705 
2.33494 
2.38395 
2.48693 
2.60273 
2.66672 
2.68682 
2.69148 
2.68323 
2.65944 
2.60997 
2.54796 
2.5041 
2.48136 
2.47493 
2.49008 
2.53499 
2.61779 
2.71615 
2.78463 
2.83203 
2.90851 
2.99477 
3.01323 
2.99726 
3.20736 
3.50143 
3.27422 
2.7525 
2.56827 
2.5855 
2.52701 
2.46209 
2.46125 
2.48649 
2.55842 
2.78702 
3.07044 
3.19296 
3.2 
3.20002 
3.20024 
3.25206 
3.4502 
3.69418 
3.76007 
3.66689 
3.56496 
1.50263 
1.51504 
1.54451 
1.57868 
1.60589 
1.62208 
1.63173 
1.6511 
1.68909 
1.72031 
1.70642 
1.65836 
1.63333 
1.6748 
1.79452 
1.95596 
2.0773 
2.12409 
2.13748 
2.15298 
2.17155 
2.18584 
2.19491 
2.20182 
2.20333 
2.19495 
2.18493 
2.18784 
2.21372 
2.25893 
2.29126 
2.28509 
2.26132 
2.24679 
2.23825 
2.23125 
2.23645 
2.27447 
2.37759 
2.51384 
2.60228 
2.6016 
2.48212 
2.30948 
2.22973 
2.28438 
2.38129 
2.40687 
2.35863 
2.31144 
2.29594 
2.29732 
2.3051 
2.32088 
2.35443 
2.43386 
2.55176 
2.64016 
2.67406 
2.68743 
2.6985 
2.69735 
2.65571 
2.5753 
2.50855 
2.47741 
2.46638 
2.47404 
2.50837 
2.57905 
2.67676 
2.75801 
2.80293 
2.85907 
2.94908 
3.01017 
2.9919 
3.02925 
3.35843 
3.59098 
3.19791 
2.68444 
2.56741 
2.5852 
2.52027 
2.45983 
2.46381 
2.4888 
2.58008 
2.83427 
3.10194 
3.19821 
3.2 
3.20002 
3.20122 
3.27228 
3.48917 
3.71328 
3.74908 
3.64822 
3.54996 
1.5039 
1.52208 
1.56211 
1.59862 
1.61696 
1.62604 
1.64138 
1.67622 
1.713 
1.71 
1.66536 
1.62864 
1.65566 
1.77314 
1.93756 
2.06065 
2.11235 
2.12881 
2.14267 
2.16079 
2.1768 
2.18724 
2.19479 
2.19883 
2.19366 
2.18258 
2.1799 
2.19881 
2.2405 
2.27879 
2.28259 
2.26113 
2.24431 
2.23594 
2.22808 
2.2254 
2.23019 
2.24228 
2.28444 
2.38389 
2.50252 
2.50605 
2.35993 
2.23778 
2.25604 
2.3475 
2.38725 
2.34638 
2.2988 
2.28229 
2.283 
2.29166 
2.30825 
2.33704 
2.39826 
2.50362 
2.60601 
2.65727 
2.67497 
2.68747 
2.69989 
2.70172 
2.65263 
2.55628 
2.48471 
2.45945 
2.46014 
2.48547 
2.54579 
2.63963 
2.72914 
2.78119 
2.8222 
2.8978 
2.9827 
3.00342 
2.97554 
3.12581 
3.57579 
3.73486 
3.20388 
2.6718 
2.57497 
2.58071 
2.508 
2.45539 
2.46447 
2.48959 
2.58888 
2.85255 
3.11357 
3.19996 
3.20001 
3.20002 
3.20439 
3.30391 
3.54417 
3.73914 
3.73978 
3.6329 
3.53497 
1.50588 
1.53079 
1.57782 
1.60961 
1.621 
1.63544 
1.66606 
1.70025 
1.70222 
1.66459 
1.62884 
1.64195 
1.73777 
1.90208 
2.04382 
2.10487 
2.1205 
2.13288 
2.15053 
2.16765 
2.1793 
2.18744 
2.19323 
2.19152 
2.18118 
2.17402 
2.18465 
2.22052 
2.26358 
2.27788 
2.26084 
2.24228 
2.23389 
2.22618 
2.22051 
2.223 
2.23001 
2.23853 
2.26105 
2.32555 
2.41003 
2.39698 
2.28034 
2.24262 
2.32265 
2.36992 
2.33317 
2.28629 
2.2698 
2.27024 
2.27869 
2.29558 
2.32452 
2.38015 
2.47348 
2.57487 
2.63787 
2.66213 
2.675 
2.68747 
2.69907 
2.68928 
2.62163 
2.52555 
2.46858 
2.45345 
2.46623 
2.51546 
2.60334 
2.69975 
2.76159 
2.79748 
2.85642 
2.9435 
2.99905 
2.9796 
3.00467 
3.31259 
3.81981 
3.85989 
3.2138 
2.66651 
2.57963 
2.57385 
2.49568 
2.45202 
2.46704 
2.49409 
2.60785 
2.8809 
3.12617 
3.19997 
3.20001 
3.20002 
3.21271 
3.34171 
3.59532 
3.75757 
3.7289 
3.6208 
3.52387 
1.50691 
1.53477 
1.58389 
1.61387 
1.63044 
1.66068 
1.6934 
1.69466 
1.65848 
1.62417 
1.63702 
1.72362 
1.87278 
2.01597 
2.09111 
2.11258 
2.12317 
2.13947 
2.15788 
2.17128 
2.17993 
2.18654 
2.18757 
2.1794 
2.16993 
2.17332 
2.20099 
2.24497 
2.26837 
2.25679 
2.23862 
2.23102 
2.22491 
2.21744 
2.21661 
2.2225 
2.23069 
2.24538 
2.28005 
2.33368 
2.37441 
2.35112 
2.28595 
2.29811 
2.35917 
2.33888 
2.27949 
2.25726 
2.25777 
2.26619 
2.28304 
2.31205 
2.36762 
2.45883 
2.55681 
2.62077 
2.64847 
2.66245 
2.675 
2.68736 
2.69109 
2.65202 
2.5642 
2.49209 
2.46627 
2.46265 
2.48991 
2.56718 
2.66784 
2.74097 
2.77775 
2.8236 
2.9048 
2.98012 
2.99162 
2.96317 
3.11175 
3.56914 
4.02228 
3.86596 
3.12539 
2.62825 
2.58406 
2.57243 
2.49164 
2.45305 
2.472 
2.50279 
2.64452 
2.93571 
3.15053 
3.19996 
3.2 
3.20002 
3.22653 
3.38551 
3.64149 
3.76724 
3.71152 
3.6037 
3.50817 
1.507 
1.53511 
1.58555 
1.62319 
1.65563 
1.68845 
1.68973 
1.65351 
1.61826 
1.62917 
1.71515 
1.86304 
2.00312 
2.07922 
2.10382 
2.11416 
2.1284 
2.14699 
2.16251 
2.17233 
2.17948 
2.18246 
2.17637 
2.16605 
2.16523 
2.18523 
2.2255 
2.25752 
2.25403 
2.23436 
2.22581 
2.22232 
2.21496 
2.21123 
2.21526 
2.22311 
2.23732 
2.26793 
2.31448 
2.35636 
2.37642 
2.36744 
2.34598 
2.34995 
2.34143 
2.28642 
2.24767 
2.24519 
2.25372 
2.27032 
2.2965 
2.34934 
2.44283 
2.54387 
2.60827 
2.63597 
2.65 
2.66245 
2.67489 
2.68272 
2.66184 
2.58973 
2.50805 
2.47418 
2.47443 
2.48508 
2.53379 
2.62911 
2.71632 
2.76095 
2.79839 
2.86909 
2.95223 
2.99034 
2.96621 
3.00544 
3.32149 
3.84285 
4.16662 
3.82219 
3.01969 
2.59308 
2.59402 
2.57616 
2.49172 
2.4547 
2.47513 
2.50829 
2.6677 
2.97036 
3.16593 
3.19996 
3.2 
3.20002 
3.24633 
3.43531 
3.68153 
3.77019 
3.69458 
3.589 
3.49381 
1.507 
1.53544 
1.59177 
1.64514 
1.68271 
1.6861 
1.64974 
1.61346 
1.61663 
1.69098 
1.84093 
1.99168 
2.07183 
2.09629 
2.10569 
2.11792 
2.13571 
2.15302 
2.16451 
2.17234 
2.17688 
2.17312 
2.16276 
2.15792 
2.1719 
2.20807 
2.24302 
2.24771 
2.23142 
2.22147 
2.21927 
2.21304 
2.20667 
2.20825 
2.21515 
2.22729 
2.25657 
2.30375 
2.3461 
2.36913 
2.37982 
2.38472 
2.3863 
2.37225 
2.31958 
2.25783 
2.23449 
2.24116 
2.2585 
2.28723 
2.33485 
2.41841 
2.52293 
2.59478 
2.62345 
2.63751 
2.65001 
2.66234 
2.67025 
2.65539 
2.59734 
2.51821 
2.47168 
2.46873 
2.48267 
2.51948 
2.60562 
2.70067 
2.74787 
2.77677 
2.83869 
2.92343 
2.97852 
2.9699 
2.96438 
3.16267 
3.61868 
4.08481 
4.2656 
3.81572 
2.98396 
2.58528 
2.60182 
2.57908 
2.49174 
2.45497 
2.47564 
2.50919 
2.6715 
2.97603 
3.16845 
3.19996 
3.2 
3.20098 
3.27213 
3.48919 
3.71526 
3.7653 
3.67497 
3.5748 
3.48214 
1.5074 
1.54009 
1.60929 
1.66795 
1.67984 
1.64814 
1.61124 
1.61194 
1.67243 
1.80403 
1.96105 
2.05876 
2.08878 
2.09772 
2.1081 
2.12441 
2.14283 
2.15629 
2.16485 
2.1704 
2.16903 
2.15969 
2.15231 
2.15947 
2.18989 
2.22836 
2.23965 
2.2254 
2.21541 
2.21517 
2.21176 
2.20404 
2.20212 
2.20768 
2.21836 
2.24276 
2.28784 
2.33497 
2.36152 
2.37235 
2.38 
2.38742 
2.39277 
2.37915 
2.3316 
2.27488 
2.24505 
2.24919 
2.28177 
2.34063 
2.41957 
2.50637 
2.57591 
2.61031 
2.62499 
2.63752 
2.6499 
2.6577 
2.64295 
2.58766 
2.51325 
2.46581 
2.45787 
2.46999 
2.49877 
2.60397 
2.77788 
2.85039 
2.80431 
2.80876 
2.89014 
2.96186 
2.97379 
2.94352 
3.04757 
3.43045 
3.91418 
4.25672 
4.31757 
3.81095 
2.97612 
2.58584 
2.60375 
2.57981 
2.49174 
2.45498 
2.47565 
2.51108 
2.67654 
2.98044 
3.16971 
3.19997 
3.20001 
3.20488 
3.30393 
3.54319 
3.74175 
3.75366 
3.65216 
3.55733 
3.46508 
1.50964 
1.55229 
1.63048 
1.66691 
1.64265 
1.60904 
1.60895 
1.66736 
1.79063 
1.9378 
2.0398 
2.07894 
2.09017 
2.09946 
2.11374 
2.13218 
2.14755 
2.15734 
2.1638 
2.164 
2.15559 
2.14706 
2.15015 
2.17358 
2.2114 
2.23183 
2.22191 
2.2094 
2.20918 
2.20881 
2.20192 
2.19722 
2.20056 
2.21086 
2.23384 
2.27506 
2.32117 
2.35153 
2.3648 
2.3725 
2.38 
2.38672 
2.38736 
2.37491 
2.35003 
2.31605 
2.28297 
2.28336 
2.3423 
2.43496 
2.51579 
2.56787 
2.5965 
2.6124 
2.62501 
2.63742 
2.64527 
2.63039 
2.5752 
2.50086 
2.45357 
2.44559 
2.45685 
2.47889 
2.56642 
2.80932 
3.0923 
3.11634 
2.93493 
2.87138 
2.9347 
2.97105 
2.94719 
2.96726 
3.24444 
3.73304 
4.14014 
4.35402 
4.30928 
3.75363 
2.94545 
2.58464 
2.60385 
2.57703 
2.48978 
2.45482 
2.47585 
2.52271 
2.70735 
3.0074 
3.17742 
3.19997 
3.20001 
3.21059 
3.33597 
3.59024 
3.75861 
3.73747 
3.6312 
3.54321 
3.45098 
1.51196 
1.55873 
1.62703 
1.63452 
1.60419 
1.60466 
1.66251 
1.78474 
1.93023 
2.03092 
2.07064 
2.0825 
2.09136 
2.10451 
2.12213 
2.1385 
2.14952 
2.15667 
2.15877 
2.15204 
2.14214 
2.1417 
2.16032 
2.19655 
2.22251 
2.21802 
2.20492 
2.20303 
2.20438 
2.19936 
2.19292 
2.19377 
2.20339 
2.22634 
2.26709 
2.31223 
2.3426 
2.35685 
2.36501 
2.37251 
2.37943 
2.38216 
2.37458 
2.3607 
2.35269 
2.34724 
2.34315 
2.37018 
2.44235 
2.51972 
2.56545 
2.58643 
2.59999 
2.61251 
2.62426 
2.62887 
2.61199 
2.55982 
2.48828 
2.44114 
2.43354 
2.44531 
2.47176 
2.54598 
2.75724 
3.11242 
3.39821 
3.36939 
3.11415 
2.96206 
2.96044 
2.95173 
2.93532 
3.09995 
3.53109 
3.9981 
4.2897 
4.3814 
4.2292 
3.65401 
2.90709 
2.59005 
2.60425 
2.56573 
2.48214 
2.45535 
2.47801 
2.5418 
2.75607 
3.05003 
3.18961 
3.19998 
3.20002 
3.2208 
3.37018 
3.62805 
3.76777 
3.72233 
3.61458 
3.53054 
3.4371 
1.51021 
1.54595 
1.59297 
1.59796 
1.59973 
1.65724 
1.77883 
1.92348 
2.0236 
2.06318 
2.07503 
2.08335 
2.09534 
2.11251 
2.12967 
2.14169 
2.14966 
2.15299 
2.14765 
2.13779 
2.1344 
2.14757 
2.18058 
2.21204 
2.21469 
2.20074 
2.19645 
2.19897 
2.19579 
2.18903 
2.18751 
2.19493 
2.21709 
2.25873 
2.3047 
2.33508 
2.34934 
2.35754 
2.36502 
2.37235 
2.37631 
2.37063 
2.3573 
2.34878 
2.35067 
2.36703 
2.42997 
2.52626 
2.57582 
2.57535 
2.57657 
2.58754 
2.6 
2.61176 
2.61355 
2.58678 
2.53018 
2.46822 
2.42873 
2.4221 
2.43599 
2.47124 
2.57139 
2.77806 
3.08409 
3.38861 
3.54281 
3.47404 
3.25613 
3.0679 
2.97605 
2.92591 
3.00503 
3.35723 
3.83789 
4.19661 
4.36204 
4.32997 
4.10747 
3.56824 
2.88878 
2.60013 
2.60475 
2.55129 
2.47273 
2.45727 
2.48219 
2.55282 
2.78128 
3.07209 
3.19591 
3.19999 
3.20003 
3.23652 
3.41231 
3.66513 
3.7717 
3.70558 
3.60058 
3.51572 
3.41564 
1.50615 
1.52803 
1.56362 
1.593 
1.65165 
1.7728 
1.91679 
2.01633 
2.05566 
2.06754 
2.07588 
2.08723 
2.10328 
2.12056 
2.13365 
2.14222 
2.14689 
2.14366 
2.13359 
2.12818 
2.13729 
2.1661 
2.19981 
2.20865 
2.19692 
2.19053 
2.19261 
2.19147 
2.18485 
2.18158 
2.18668 
2.20473 
2.24458 
2.29425 
2.3275 
2.34184 
2.35003 
2.35754 
2.36486 
2.36997 
2.36685 
2.35417 
2.34348 
2.34363 
2.35481 
2.40675 
2.54848 
2.70705 
2.73123 
2.6477 
2.59123 
2.58795 
2.59924 
2.60105 
2.57062 
2.50406 
2.43937 
2.40996 
2.4109 
2.42921 
2.47891 
2.61147 
2.85667 
3.1542 
3.40653 
3.54682 
3.54842 
3.45476 
3.33701 
3.1874 
3.01366 
2.96978 
3.22261 
3.6858 
4.09324 
4.32179 
4.35541 
4.22435 
4.00314 
3.52217 
2.88207 
2.60429 
2.60497 
2.54521 
2.46899 
2.45885 
2.48484 
2.55465 
2.78352 
3.07405 
3.19648 
3.19999 
3.20003 
3.24643 
3.43871 
3.68823 
3.7696 
3.68601 
3.58495 
3.4988 
3.39358 
1.5045 
1.52377 
1.5656 
1.63365 
1.75687 
1.90711 
2.00906 
2.04822 
2.06001 
2.06839 
2.07975 
2.09555 
2.11246 
2.12567 
2.13455 
2.13945 
2.1374 
2.12887 
2.12228 
2.12789 
2.15347 
2.18941 
2.20439 
2.19349 
2.18451 
2.18578 
2.18543 
2.1798 
2.17572 
2.17955 
2.19551 
2.23045 
2.27864 
2.31668 
2.33427 
2.34253 
2.35004 
2.35738 
2.36248 
2.36043 
2.3497 
2.33882 
2.33696 
2.34621 
2.38736 
2.50304 
2.68404 
2.84024 
2.8659 
2.75483 
2.63505 
2.59397 
2.58944 
2.55885 
2.49025 
2.42202 
2.39231 
2.39717 
2.42049 
2.49351 
2.66791 
2.94331 
3.24416 
3.46371 
3.56621 
3.56567 
3.48726 
3.41462 
3.39783 
3.31333 
3.13419 
3.17541 
3.55928 
3.98935 
4.2654 
4.35986 
4.27184 
4.10772 
3.91679 
3.46083 
2.85408 
2.60283 
2.60594 
2.54504 
2.46897 
2.45921 
2.48528 
2.55482 
2.78353 
3.07406 
3.19648 
3.2 
3.20009 
3.24925 
3.44531 
3.69282 
3.76385 
3.67229 
3.57219 
3.48133 
3.37404 
1.50577 
1.53406 
1.6052 
1.72363 
1.87787 
1.99582 
2.04073 
2.05251 
2.06084 
2.07225 
2.08806 
2.10495 
2.11816 
2.12706 
2.13191 
2.12992 
2.12172 
2.11547 
2.11943 
2.14061 
2.17676 
2.1995 
2.19206 
2.17974 
2.17946 
2.18 
2.17433 
2.16933 
2.17239 
2.18805 
2.22208 
2.26819 
2.30587 
2.32549 
2.33501 
2.34253 
2.34987 
2.355 
2.35294 
2.34253 
2.33212 
2.33013 
2.33659 
2.36676 
2.46821 
2.63889 
2.80136 
2.90873 
2.9344 
2.84528 
2.69751 
2.60236 
2.55523 
2.48498 
2.41086 
2.37944 
2.38404 
2.40802 
2.48652 
2.70078 
3.02735 
3.32444 
3.5076 
3.57333 
3.55314 
3.48715 
3.42401 
3.41714 
3.45257 
3.4205 
3.34166 
3.49325 
3.88629 
4.20965 
4.34615 
4.3039 
4.14734 
4.00612 
3.80742 
3.3291 
2.78785 
2.60162 
2.60984 
2.54504 
2.46897 
2.45921 
2.48528 
2.55482 
2.78353 
3.07405 
3.19648 
3.19999 
3.20077 
3.26275 
3.47096 
3.70469 
3.75437 
3.65677 
3.55984 
3.46598 
3.35929 
1.51178 
1.56938 
1.70249 
1.85459 
1.97231 
2.02968 
2.04501 
2.05334 
2.0647 
2.08056 
2.09746 
2.11065 
2.11976 
2.12501 
2.12298 
2.11443 
2.10787 
2.11037 
2.12887 
2.16476 
2.19277 
2.19044 
2.1762 
2.17258 
2.17373 
2.16959 
2.16391 
2.1654 
2.18052 
2.21458 
2.26066 
2.29826 
2.3179 
2.32747 
2.33503 
2.34235 
2.34748 
2.34545 
2.33502 
2.32462 
2.32261 
2.33167 
2.36178 
2.44179 
2.58991 
2.75579 
2.87298 
2.92851 
2.93105 
2.85127 
2.68874 
2.55823 
2.48638 
2.41301 
2.3689 
2.37045 
2.39397 
2.47391 
2.69517 
3.04851 
3.37073 
3.53867 
3.57062 
3.52569 
3.45689 
3.41187 
3.41626 
3.45454 
3.48658 
3.47163 
3.45065 
3.65078 
4.06455 
4.32723 
4.32219 
4.18494 
4.03588 
3.92271 
3.68397 
3.17542 
2.71289 
2.60137 
2.6128 
2.54201 
2.46762 
2.4592 
2.48534 
2.55621 
2.78618 
3.07545 
3.19655 
3.19999 
3.20207 
3.28884 
3.52055 
3.72871 
3.74322 
3.63809 
3.54359 
3.44752 
3.34624 
1.52302 
1.62492 
1.82224 
1.96591 
2.01895 
2.03707 
2.04586 
2.05721 
2.07302 
2.08997 
2.10318 
2.11228 
2.11857 
2.11812 
2.1091 
2.10098 
2.1025 
2.11741 
2.15046 
2.18461 
2.18918 
2.1737 
2.16644 
2.16632 
2.16266 
2.1576 
2.15873 
2.17322 
2.20706 
2.25316 
2.29078 
2.3104 
2.31996 
2.32751 
2.33488 
2.34002 
2.33798 
2.32755 
2.31711 
2.3151 
2.32391 
2.35991 
2.44726 
2.57778 
2.71766 
2.83573 
2.90365 
2.91561 
2.88267 
2.75487 
2.55682 
2.43765 
2.3978 
2.36612 
2.35789 
2.37891 
2.45936 
2.68327 
3.04283 
3.376 
3.5442 
3.56092 
3.50253 
3.43137 
3.3963 
3.41187 
3.454 
3.48694 
3.48933 
3.41747 
3.28382 
3.42846 
3.94385 
4.27286 
4.21342 
4.06286 
3.94989 
3.84566 
3.57257 
3.04882 
2.65612 
2.60123 
2.60698 
2.52972 
2.46218 
2.45925 
2.48616 
2.57197 
2.8161 
3.0912 
3.19733 
3.19999 
3.20289 
3.30534 
3.5519 
3.74426 
3.73859 
3.63004 
3.53254 
3.43065 
3.33499 
1.53135 
1.65891 
1.88284 
2.00844 
2.0297 
2.03837 
2.04972 
2.06553 
2.08243 
2.09568 
2.1048 
2.11112 
2.11215 
2.10511 
2.09607 
2.09485 
2.10687 
2.13756 
2.17432 
2.18579 
2.17185 
2.16091 
2.1589 
2.15515 
2.15013 
2.15124 
2.16574 
2.19961 
2.24564 
2.28327 
2.30292 
2.31247 
2.32001 
2.32749 
2.33358 
2.33232 
2.32109 
2.30976 
2.3076 
2.31613 
2.35022 
2.43933 
2.57404 
2.70458 
2.80763 
2.87711 
2.8989 
2.88172 
2.79499 
2.5984 
2.40384 
2.33562 
2.34452 
2.3511 
2.35888 
2.41191 
2.62299 
3.01066 
3.36499 
3.53766 
3.55193 
3.48245 
3.41459 
3.39477 
3.41871 
3.45795 
3.48705 
3.49582 
3.44229 
3.23882 
2.95867 
3.00135 
3.51908 
3.98768 
4.06285 
3.96866 
3.87638 
3.7777 
3.47424 
2.9393 
2.61581 
2.60527 
2.59822 
2.51403 
2.45605 
2.46114 
2.48894 
2.60263 
2.87396 
3.12165 
3.19885 
3.19999 
3.20302 
3.30804 
3.55702 
3.74431 
3.73158 
3.62329 
3.52579 
3.42142 
3.32964 
1.53333 
1.66473 
1.89084 
2.01236 
2.03087 
2.04223 
2.05803 
2.07494 
2.08814 
2.09731 
2.10363 
2.10467 
2.09832 
2.09011 
2.08814 
2.09676 
2.12309 
2.1623 
2.18219 
2.17097 
2.15632 
2.15177 
2.14767 
2.14262 
2.14375 
2.15821 
2.19209 
2.23819 
2.27576 
2.29541 
2.30498 
2.31251 
2.31999 
2.32646 
2.32748 
2.31794 
2.30457 
2.30035 
2.30839 
2.34054 
2.42408 
2.55304 
2.68053 
2.77976 
2.84555 
2.86845 
2.85688 
2.79816 
2.64219 
2.44055 
2.32288 
2.328 
2.37136 
2.37086 
2.36731 
2.48439 
2.84295 
3.29212 
3.525 
3.53569 
3.47061 
3.40997 
3.39941 
3.43068 
3.46817 
3.49074 
3.49582 
3.45974 
3.29385 
2.98201 
2.71165 
2.70105 
3.03183 
3.52861 
3.84118 
3.87612 
3.81478 
3.72217 
3.37747 
2.84533 
2.59196 
2.61367 
2.59642 
2.50742 
2.4551 
2.46562 
2.49289 
2.62237 
2.91053 
3.1409 
3.19982 
3.19999 
3.20302 
3.30804 
3.55702 
3.73808 
3.71498 
3.60713 
3.51189 
3.40679 
3.32314 
1.53333 
1.66473 
1.89088 
2.01316 
2.03473 
2.05054 
2.06744 
2.08064 
2.08977 
2.09614 
2.09719 
2.09081 
2.08264 
2.08065 
2.08732 
2.10893 
2.14762 
2.17524 
2.16969 
2.15294 
2.1451 
2.14017 
2.13512 
2.13556 
2.1491 
2.18332 
2.23038 
2.26829 
2.28789 
2.29748 
2.30503 
2.31249 
2.31895 
2.32038 
2.31269 
2.30042 
2.29448 
2.30075 
2.33086 
2.40888 
2.52977 
2.651 
2.7477 
2.81304 
2.83545 
2.82575 
2.77363 
2.63582 
2.45415 
2.32912 
2.31218 
2.38667 
2.43361 
2.39411 
2.39354 
2.61532 
3.07152 
3.45153 
3.53607 
3.46304 
3.40774 
3.41057 
3.44461 
3.47745 
3.49464 
3.49688 
3.4592 
3.30804 
3.02276 
2.74087 
2.60317 
2.58942 
2.70016 
3.06425 
3.53577 
3.76519 
3.77928 
3.67327 
3.27368 
2.76374 
2.57754 
2.61856 
2.59502 
2.50487 
2.4559 
2.46913 
2.49539 
2.62591 
2.91652 
3.14404 
3.19997 
3.19998 
3.20302 
3.30804 
3.55702 
3.73321 
3.70198 
3.59368 
3.49618 
3.38812 
3.31484 
1.53333 
1.66498 
1.89215 
2.01733 
2.04309 
2.05995 
2.07315 
2.08227 
2.08859 
2.08969 
2.08333 
2.07513 
2.07311 
2.07921 
2.09716 
2.13279 
2.16607 
2.16783 
2.15019 
2.13875 
2.13268 
2.12762 
2.12784 
2.13829 
2.16909 
2.21834 
2.25995 
2.28043 
2.28995 
2.29752 
2.305 
2.31145 
2.31288 
2.30532 
2.29354 
2.28777 
2.29332 
2.3212 
2.39364 
2.50651 
2.6215 
2.71577 
2.78071 
2.80301 
2.79792 
2.7651 
2.64187 
2.45274 
2.32075 
2.29104 
2.35701 
2.45117 
2.44963 
2.38455 
2.44692 
2.79646 
3.27545 
3.51339 
3.4812 
3.41466 
3.4182 
3.45671 
3.48529 
3.49713 
3.49026 
3.43972 
3.2879 
3.01623 
2.74326 
2.60014 
2.56261 
2.54407 
2.54623 
2.75472 
3.23512 
3.64105 
3.76576 
3.62303 
3.16174 
2.69603 
2.57633 
2.61976 
2.58446 
2.49532 
2.45356 
2.46999 
2.49596 
2.62601 
2.91651 
3.14404 
3.19997 
3.19998 
3.20302 
3.30804 
3.55702 
3.73201 
3.69877 
3.59001 
3.49013 
3.38024 
3.31133 
1.53368 
1.66719 
1.89835 
2.02693 
2.05265 
2.06565 
2.07477 
2.0811 
2.08214 
2.07583 
2.06764 
2.0656 
2.07074 
2.08551 
2.11881 
2.15675 
2.1658 
2.14865 
2.13342 
2.12544 
2.12009 
2.12034 
2.13034 
2.15693 
2.20212 
2.2471 
2.27214 
2.28249 
2.29 
2.29749 
2.30396 
2.30538 
2.29782 
2.28603 
2.28027 
2.28554 
2.31151 
2.37845 
2.48325 
2.59199 
2.68559 
2.75306 
2.77459 
2.76669 
2.7432 
2.64997 
2.47561 
2.32337 
2.27015 
2.3199 
2.42938 
2.47446 
2.41145 
2.35558 
2.48867 
2.92123 
3.37466 
3.50075 
3.4355 
3.42349 
3.46223 
3.49018 
3.49759 
3.48079 
3.40024 
3.21809 
2.95997 
2.71994 
2.58606 
2.54483 
2.52586 
2.50359 
2.49979 
2.62107 
3.00219 
3.47886 
3.72849 
3.55246 
3.0249 
2.63272 
2.58718 
2.62147 
2.57083 
2.48314 
2.45021 
2.47021 
2.49606 
2.626 
2.91651 
3.14404 
3.19997 
3.19998 
3.20302 
3.30803 
3.55702 
3.732 
3.69877 
3.58998 
3.48998 
3.38001 
3.31123 
1.53449 
1.67128 
1.90773 
2.03701 
2.0584 
2.06728 
2.0736 
2.07465 
2.06829 
2.06015 
2.05812 
2.06292 
2.0739 
2.10113 
2.14209 
2.16193 
2.14854 
2.13019 
2.11954 
2.11295 
2.11257 
2.12207 
2.14836 
2.19221 
2.2359 
2.26251 
2.27474 
2.28254 
2.28997 
2.29646 
2.29789 
2.29032 
2.27853 
2.27273 
2.27637 
2.29785 
2.35943 
2.45751 
2.5595 
2.65148 
2.72495 
2.7525 
2.74261 
2.71698 
2.63083 
2.47229 
2.32621 
2.25538 
2.27817 
2.3874 
2.47478 
2.44199 
2.36024 
2.33251 
2.45678 
2.83711 
3.25881 
3.41758 
3.42511 
3.4584 
3.49061 
3.49795 
3.47174 
3.35741 
3.13146 
2.86574 
2.66182 
2.56143 
2.5265 
2.50398 
2.48433 
2.48137 
2.51375 
2.60475 
2.82544 
3.21642 
3.54534 
3.38928 
2.86606 
2.5797 
2.59895 
2.62483 
2.56508 
2.47826 
2.45036 
2.47264 
2.49714 
2.626 
2.91651 
3.14404 
3.19997 
3.19998 
3.20302 
3.30803 
3.55701 
3.73188 
3.69853 
3.58986 
3.48997 
3.38001 
3.31123 
1.53511 
1.67387 
1.91282 
2.04132 
2.05993 
2.06655 
2.06789 
2.06116 
2.05262 
2.05063 
2.05532 
2.06462 
2.08622 
2.12468 
2.1531 
2.14743 
2.12801 
2.11558 
2.10776 
2.10561 
2.11244 
2.13557 
2.18022 
2.22706 
2.25491 
2.26717 
2.27503 
2.28252 
2.28894 
2.29039 
2.28284 
2.27103 
2.26524 
2.26865 
2.28374 
2.33233 
2.4237 
2.52267 
2.61037 
2.68656 
2.72297 
2.7185 
2.70169 
2.62822 
2.46837 
2.31774 
2.24307 
2.24647 
2.33931 
2.45359 
2.46454 
2.38361 
2.32455 
2.32281 
2.38466 
2.59179 
2.93188 
3.23382 
3.40883 
3.48243 
3.49782 
3.47143 
3.34095 
3.07065 
2.77927 
2.60047 
2.52965 
2.50339 
2.48327 
2.4661 
2.47029 
2.50716 
2.57211 
2.63504 
2.70091 
2.90592 
3.16616 
3.06829 
2.70622 
2.56048 
2.61215 
2.62869 
2.56412 
2.47822 
2.45343 
2.47734 
2.49923 
2.62601 
2.91651 
3.14404 
3.19997 
3.19998 
3.20302 
3.30804 
3.55679 
3.72751 
3.69022 
3.58548 
3.48976 
3.38002 
3.31123 
1.53526 
1.67431 
1.91348 
2.04171 
2.05952 
2.06247 
2.05646 
2.04636 
2.04313 
2.04781 
2.05611 
2.07359 
2.10897 
2.14319 
2.1457 
2.12683 
2.11182 
2.10291 
2.09945 
2.10457 
2.12331 
2.16348 
2.21284 
2.24579 
2.25967 
2.26751 
2.27503 
2.28177 
2.28338 
2.27559 
2.26355 
2.25774 
2.26077 
2.27393 
2.31239 
2.38866 
2.48345 
2.57121 
2.64486 
2.68492 
2.68616 
2.67464 
2.62455 
2.4876 
2.32707 
2.23664 
2.22409 
2.29725 
2.42268 
2.47408 
2.4125 
2.33511 
2.31037 
2.32443 
2.35154 
2.41967 
2.62601 
2.99106 
3.32896 
3.4769 
3.48306 
3.36212 
3.07163 
2.74722 
2.56027 
2.50186 
2.4807 
2.46016 
2.44761 
2.45786 
2.50632 
2.57865 
2.63136 
2.64501 
2.64757 
2.72904 
2.84159 
2.77032 
2.59962 
2.56971 
2.62509 
2.62678 
2.55514 
2.47382 
2.45518 
2.48031 
2.50055 
2.62601 
2.91651 
3.14404 
3.19997 
3.19998 
3.20302 
3.30804 
3.55628 
3.71713 
3.67051 
3.57511 
3.48924 
3.38002 
3.31123 
1.53525 
1.6743 
1.91348 
2.04157 
2.05692 
2.05313 
2.04277 
2.03701 
2.04031 
2.04783 
2.06182 
2.09338 
2.1314 
2.14243 
2.12575 
2.10865 
2.09859 
2.09352 
2.09643 
2.11168 
2.1482 
2.19816 
2.23492 
2.25149 
2.26001 
2.2675 
2.27468 
2.27795 
2.2709 
2.25731 
2.25029 
2.25318 
2.26288 
2.29316 
2.36034 
2.44886 
2.53593 
2.60998 
2.64825 
2.64992 
2.64191 
2.5992 
2.47996 
2.33257 
2.23522 
2.20515 
2.25447 
2.37692 
2.46356 
2.43163 
2.34948 
2.30637 
2.30852 
2.33007 
2.35239 
2.38876 
2.51371 
2.79666 
3.15657 
3.40114 
3.40588 
3.14548 
2.77714 
2.55185 
2.4874 
2.46142 
2.43825 
2.42911 
2.44351 
2.49546 
2.57627 
2.63397 
2.64042 
2.63073 
2.65285 
2.72377 
2.77439 
2.70687 
2.60183 
2.59515 
2.63525 
2.61866 
2.53778 
2.46474 
2.45504 
2.48079 
2.50076 
2.626 
2.91651 
3.14404 
3.19997 
3.19998 
3.20302 
3.30803 
3.55587 
3.709 
3.65507 
3.56698 
3.48883 
3.38001 
3.31123 
1.53524 
1.67429 
1.91345 
2.0403 
2.05014 
2.04021 
2.03202 
2.03333 
2.04008 
2.05148 
2.07817 
2.11847 
2.13934 
2.12633 
2.10609 
2.09402 
2.08799 
2.08908 
2.10043 
2.13138 
2.18082 
2.22337 
2.24366 
2.25248 
2.26 
2.26742 
2.27232 
2.26809 
2.25457 
2.24457 
2.24569 
2.25422 
2.27624 
2.3294 
2.40983 
2.49681 
2.57447 
2.61535 
2.61525 
2.61271 
2.58462 
2.46989 
2.32032 
2.22336 
2.18803 
2.21917 
2.32863 
2.43634 
2.43662 
2.35992 
2.30421 
2.29522 
2.31184 
2.33552 
2.35851 
2.41461 
2.53111 
2.69198 
2.93742 
3.21429 
3.21823 
2.8862 
2.58295 
2.48172 
2.45184 
2.42398 
2.41538 
2.43496 
2.48601 
2.56262 
2.62235 
2.63128 
2.61916 
2.63325 
2.69322 
2.77637 
2.82279 
2.77561 
2.67607 
2.63379 
2.64305 
2.61312 
2.5268 
2.45896 
2.45475 
2.48079 
2.50076 
2.626 
2.91651 
3.14403 
3.19997 
3.19998 
3.20302 
3.30803 
3.55576 
3.707 
3.65127 
3.56498 
3.48873 
3.38001 
3.31123 
1.53524 
1.67429 
1.91295 
2.0358 
2.03887 
2.02838 
2.02665 
2.03251 
2.04175 
2.06363 
2.10388 
2.13443 
2.12889 
2.10655 
2.0909 
2.08277 
2.08204 
2.08991 
2.11454 
2.16177 
2.20904 
2.23449 
2.24496 
2.25249 
2.25999 
2.26634 
2.26525 
2.25289 
2.24046 
2.23902 
2.24565 
2.26205 
2.30431 
2.37472 
2.45555 
2.53265 
2.57945 
2.58294 
2.57976 
2.56907 
2.48183 
2.32997 
2.21656 
2.17422 
2.192 
2.28725 
2.40783 
2.43783 
2.37123 
2.30486 
2.28481 
2.29544 
2.31789 
2.33992 
2.37295 
2.4591 
2.57812 
2.66063 
2.77296 
2.95582 
2.9424 
2.67644 
2.49296 
2.44955 
2.41884 
2.40846 
2.43644 
2.49293 
2.55717 
2.60303 
2.61361 
2.60669 
2.62075 
2.67483 
2.75279 
2.81655 
2.84358 
2.81793 
2.73968 
2.67115 
2.64947 
2.61219 
2.52501 
2.45809 
2.45489 
2.48095 
2.5008 
2.626 
2.9165 
3.14403 
3.19996 
3.19998 
3.20301 
3.30803 
3.55576 
3.707 
3.65127 
3.56498 
3.48873 
3.38001 
3.31123 
1.53524 
1.67401 
1.90996 
2.02623 
2.02615 
2.02106 
2.02517 
2.03312 
2.04919 
2.08531 
2.12471 
2.13053 
2.10865 
2.08913 
2.07855 
2.07581 
2.08144 
2.09961 
2.14048 
2.19169 
2.22449 
2.23737 
2.245 
2.25249 
2.2596 
2.26187 
2.25257 
2.23798 
2.23273 
2.23782 
2.25052 
2.28187 
2.34022 
2.41728 
2.49746 
2.54952 
2.55512 
2.54954 
2.53972 
2.46911 
2.33844 
2.22399 
2.16893 
2.17789 
2.25992 
2.37882 
2.43328 
2.38273 
2.30834 
2.27742 
2.2815 
2.30119 
2.32414 
2.3471 
2.4038 
2.51453 
2.61654 
2.66106 
2.69656 
2.75183 
2.70958 
2.5545 
2.45227 
2.41676 
2.4016 
2.43326 
2.50101 
2.56319 
2.59195 
2.59307 
2.59364 
2.61628 
2.6686 
2.74035 
2.80066 
2.82757 
2.82335 
2.79242 
2.73703 
2.68192 
2.65392 
2.6123 
2.52501 
2.4589 
2.45705 
2.48284 
2.50134 
2.626 
2.9165 
3.14403 
3.19996 
3.19998 
3.20301 
3.30803 
3.55576 
3.707 
3.65127 
3.56498 
3.48873 
3.38001 
3.31123 
1.53496 
1.67138 
1.90076 
2.01237 
2.01632 
2.01817 
2.02519 
2.03799 
2.06799 
2.10984 
2.12817 
2.11181 
2.08935 
2.07583 
2.07028 
2.07338 
2.08742 
2.12201 
2.17236 
2.21165 
2.22922 
2.23751 
2.24501 
2.2524 
2.25716 
2.25192 
2.2374 
2.22812 
2.23045 
2.24 
2.26358 
2.31121 
2.37786 
2.4549 
2.51708 
2.53356 
2.52619 
2.51169 
2.44442 
2.32256 
2.21637 
2.16127 
2.16091 
2.23745 
2.36194 
2.43023 
2.39161 
2.31327 
2.27071 
2.26842 
2.2853 
2.30847 
2.32983 
2.36758 
2.45701 
2.57034 
2.63916 
2.66236 
2.67585 
2.67788 
2.61855 
2.50617 
2.4247 
2.39737 
2.42217 
2.49169 
2.55452 
2.57719 
2.57612 
2.58449 
2.61955 
2.67704 
2.74047 
2.78997 
2.81027 
2.79775 
2.76159 
2.72289 
2.69361 
2.67007 
2.65304 
2.61183 
2.525 
2.46018 
2.46046 
2.48583 
2.5022 
2.626 
2.91651 
3.14403 
3.19997 
3.19998 
3.20301 
3.30803 
3.55576 
3.707 
3.65127 
3.56498 
3.48873 
3.38001 
3.31123 
1.5339 
1.66536 
1.88723 
1.99977 
2.01138 
2.01757 
2.02758 
2.05229 
2.09487 
2.12347 
2.11464 
2.09091 
2.07449 
2.06625 
2.0664 
2.07584 
2.10359 
2.15298 
2.19815 
2.22047 
2.22997 
2.23752 
2.24501 
2.25153 
2.25059 
2.23774 
2.22491 
2.22375 
2.23094 
2.24728 
2.28365 
2.34327 
2.41792 
2.48159 
2.50257 
2.50082 
2.49217 
2.4267 
2.30605 
2.20277 
2.14946 
2.14313 
2.20464 
2.32878 
2.42064 
2.40166 
2.32104 
2.26681 
2.25693 
2.27033 
2.29272 
2.31434 
2.34202 
2.41203 
2.52398 
2.61223 
2.64823 
2.66247 
2.67478 
2.66689 
2.59667 
2.4871 
2.41809 
2.41923 
2.47509 
2.53541 
2.55631 
2.55888 
2.58003 
2.62807 
2.69023 
2.74717 
2.78276 
2.78921 
2.7687 
2.73031 
2.69184 
2.66985 
2.65955 
2.65094 
2.64614 
2.6116 
2.52556 
2.46 
2.45998 
2.48541 
2.50208 
2.626 
2.91651 
3.14404 
3.19997 
3.19998 
3.20302 
3.30803 
3.55577 
3.707 
3.65127 
3.56498 
3.48873 
3.38001 
3.31123 
1.53257 
1.66003 
1.87809 
1.99379 
2.01007 
2.01844 
2.03669 
2.0757 
2.11436 
2.11705 
2.09372 
2.07402 
2.06317 
2.06041 
2.06592 
2.08501 
2.1288 
2.18068 
2.21105 
2.22245 
2.22999 
2.23752 
2.24477 
2.24796 
2.23937 
2.22394 
2.21791 
2.22281 
2.23415 
2.25983 
2.30763 
2.37773 
2.449 
2.47896 
2.4735 
2.47006 
2.42491 
2.30753 
2.19664 
2.13993 
2.13123 
2.18587 
2.30055 
2.40103 
2.40162 
2.32496 
2.26274 
2.24657 
2.25651 
2.27757 
2.29979 
2.32195 
2.37401 
2.4775 
2.58097 
2.63234 
2.65 
2.66247 
2.67196 
2.64592 
2.55985 
2.47072 
2.44232 
2.471 
2.5154 
2.53727 
2.54649 
2.57874 
2.63846 
2.70182 
2.74794 
2.76833 
2.76155 
2.73237 
2.69486 
2.66595 
2.6509 
2.64211 
2.63404 
2.6397 
2.67424 
2.65961 
2.54718 
2.45921 
2.45643 
2.4823 
2.50119 
2.626 
2.91651 
3.14404 
3.19997 
3.19998 
3.20302 
3.30803 
3.55577 
3.707 
3.65127 
3.56498 
3.48873 
3.38001 
3.31123 
1.53202 
1.65834 
1.87577 
1.99272 
2.0101 
2.02294 
2.05492 
2.0988 
2.11563 
2.09731 
2.07457 
2.06097 
2.05532 
2.05812 
2.07038 
2.10391 
2.15662 
2.1976 
2.2146 
2.2225 
2.22999 
2.23746 
2.24293 
2.23934 
2.22515 
2.21422 
2.21548 
2.22371 
2.24023 
2.27538 
2.33608 
2.40936 
2.45038 
2.44827 
2.44067 
2.40899 
2.31373 
2.20281 
2.13656 
2.12118 
2.17162 
2.286 
2.38972 
2.40313 
2.33311 
2.26013 
2.2349 
2.24327 
2.26325 
2.28553 
2.30543 
2.34278 
2.431 
2.54297 
2.61264 
2.6372 
2.65002 
2.66222 
2.66065 
2.60568 
2.51115 
2.4558 
2.46261 
2.49564 
2.51911 
2.53718 
2.57955 
2.64437 
2.70551 
2.73831 
2.73895 
2.7196 
2.68962 
2.659 
2.63911 
2.63146 
2.62621 
2.61837 
2.62018 
2.66173 
2.77134 
2.79279 
2.61577 
2.46699 
2.45475 
2.48083 
2.50077 
2.626 
2.91651 
3.14403 
3.19997 
3.19998 
3.20301 
3.30803 
3.55577 
3.70713 
3.6515 
3.5651 
3.48874 
3.38001 
3.31123 
1.532 
1.6583 
1.87573 
1.99271 
2.01178 
2.03476 
2.07783 
2.10896 
2.10064 
2.07619 
2.05956 
2.0512 
2.05133 
2.05909 
2.08263 
2.13084 
2.17995 
2.2052 
2.21499 
2.22249 
2.22999 
2.23684 
2.23729 
2.22575 
2.21201 
2.20922 
2.21516 
2.22574 
2.24798 
2.29536 
2.36691 
2.42027 
2.42517 
2.41581 
2.38823 
2.30283 
2.20008 
2.13293 
2.10742 
2.14598 
2.26109 
2.37978 
2.40608 
2.33923 
2.2615 
2.22731 
2.22991 
2.24921 
2.27197 
2.29105 
2.31761 
2.38761 
2.49927 
2.58733 
2.62327 
2.63752 
2.65002 
2.65944 
2.63521 
2.55248 
2.4698 
2.44577 
2.46096 
2.49065 
2.53153 
2.58633 
2.65106 
2.70358 
2.72263 
2.70501 
2.67005 
2.64077 
2.62324 
2.61467 
2.61067 
2.60617 
2.60128 
2.60624 
2.64129 
2.72403 
2.86798 
2.90074 
2.68683 
2.48609 
2.45477 
2.48078 
2.50076 
2.626 
2.9165 
3.14403 
3.19997 
3.19998 
3.20301 
3.30802 
3.55599 
3.7115 
3.65981 
3.56948 
3.48895 
3.38001 
3.31123 
1.532 
1.6583 
1.87573 
1.99328 
2.01911 
2.05552 
2.09546 
2.10131 
2.07924 
2.05955 
2.04833 
2.04534 
2.0505 
2.06592 
2.10463 
2.15784 
2.1936 
2.20736 
2.215 
2.22249 
2.22984 
2.23402 
2.22694 
2.21142 
2.20382 
2.20763 
2.21518 
2.22812 
2.26 
2.32275 
2.38596 
2.40191 
2.39309 
2.37701 
2.30514 
2.19878 
2.12733 
2.0979 
2.12086 
2.22209 
2.35183 
2.4058 
2.35223 
2.26559 
2.21993 
2.21791 
2.23485 
2.25752 
2.27757 
2.29774 
2.34941 
2.45252 
2.55556 
2.60707 
2.62494 
2.63752 
2.64979 
2.64826 
2.59364 
2.49921 
2.44436 
2.44291 
2.45788 
2.50857 
2.62332 
2.71899 
2.72867 
2.70642 
2.6757 
2.63348 
2.60208 
2.58961 
2.58861 
2.58808 
2.58433 
2.58196 
2.5895 
2.62451 
2.70276 
2.80357 
2.91105 
2.92641 
2.73583 
2.51698 
2.45678 
2.48078 
2.50076 
2.626 
2.9165 
3.14403 
3.19997 
3.19998 
3.20264 
3.30052 
3.54225 
3.71437 
3.67915 
3.58008 
3.49082 
3.38203 
3.31213 
