  71.1083  37.8981   3777.00
  71.1250  37.8981   2997.00
  71.1417  37.8981   2549.00
  71.1583  37.8981   2303.00
  71.1750  37.8981   2455.00
  71.1917  37.8981   2769.00
  71.2083  37.8981   3335.00
  71.1083  37.8849   3299.00
  71.1250  37.8849   2743.00
  71.1417  37.8849   2205.00
  71.1583  37.8849   2309.00
  71.1750  37.8849   2969.00
  71.1917  37.8849   3191.00
  71.2083  37.8849   3523.00
  71.1083  37.8717   2727.00
  71.1250  37.8717   2255.00
  71.1417  37.8717   2305.00
  71.1583  37.8717   2523.00
  71.1750  37.8717   2837.00
  71.1917  37.8717   3541.00
  71.2083  37.8717   3877.00
  71.1083  37.8586   2479.00
  71.1250  37.8586   2315.00
  71.1417  37.8586   2837.00
  71.1583  37.8586   3033.00
  71.1750  37.8586   2811.00
  71.1917  37.8586   3235.00
  71.2083  37.8586   3873.00
  71.1083  37.8454   2233.00
  71.1250  37.8454   2755.00
  71.1417  37.8454   3067.00
  71.1583  37.8454   3221.00
  71.1750  37.8454   3193.00
  71.1917  37.8454   3369.00
  71.2083  37.8454   3799.00
  71.1083  37.8323   2469.00
  71.1250  37.8323   3211.00
  71.1417  37.8323   3449.00
  71.1583  37.8323   3563.00
  71.1750  37.8323   3603.00
  71.1917  37.8323   3873.00
  71.2083  37.8323   3945.00
  71.1083  37.8191   2353.00
  71.1250  37.8191   2849.00
  71.1417  37.8191   3101.00
  71.1583  37.8191   3715.00
  71.1750  37.8191   3933.00
  71.1917  37.8191   4043.00
  71.2083  37.8191   4213.00
  71.1083  37.8059   2653.00
  71.1250  37.8059   2427.00
  71.1417  37.8059   2803.00
  71.1583  37.8059   3457.00
  71.1750  37.8059   3457.00
  71.1917  37.8059   3849.00
  71.2083  37.8059   4281.00
  71.1083  37.7928   3243.00
  71.1250  37.7928   2797.00
  71.1417  37.7928   2665.00
  71.1583  37.7928   3085.00
  71.1750  37.7928   3325.00
  71.1917  37.7928   3933.00
  71.2083  37.7928   4359.00
  71.1083  37.7796   3405.00
  71.1250  37.7796   2963.00
  71.1417  37.7796   2965.00
  71.1583  37.7796   2767.00
  71.1750  37.7796   3241.00
  71.1917  37.7796   3881.00
  71.2083  37.7796   4197.00
  71.1083  37.7664   3397.00
  71.1250  37.7664   3475.00
  71.1417  37.7664   3405.00
  71.1583  37.7664   3419.00
  71.1750  37.7664   3045.00
  71.1917  37.7664   3515.00
  71.2083  37.7664   3997.00
  71.1083  37.7532   3653.00
  71.1250  37.7532   3783.00
  71.1417  37.7532   3865.00
  71.1583  37.7532   3721.00
  71.1750  37.7532   3221.00
  71.1917  37.7532   3715.00
  71.2083  37.7532   4075.00
  71.1083  37.7401   3639.00
  71.1250  37.7401   3727.00
  71.1417  37.7401   3925.00
  71.1583  37.7401   3877.00
  71.1750  37.7401   3467.00
  71.1917  37.7401   3661.00
  71.2083  37.7401   4167.00
  71.1083  37.7269   3173.00
  71.1250  37.7269   3475.00
  71.1417  37.7269   3849.00
  71.1583  37.7269   4133.00
  71.1750  37.7269   3895.00
  71.1917  37.7269   3885.00
  71.2083  37.7269   4387.00
  71.1083  37.7137   3251.00
  71.1250  37.7137   3463.00
  71.1417  37.7137   3791.00
  71.1583  37.7137   4155.00
  71.1750  37.7137   4213.00
  71.1917  37.7137   4091.00
  71.2083  37.7137   4419.00
  71.1083  37.7005   2973.00
  71.1250  37.7005   3255.00
  71.1417  37.7005   3447.00
  71.1583  37.7005   3737.00
  71.1750  37.7005   4223.00
  71.1917  37.7005   4359.00
  71.2083  37.7005   4373.00
  71.1083  37.6873   3015.00
  71.1250  37.6873   3581.00
  71.1417  37.6873   3825.00
  71.1583  37.6873   3757.00
  71.1750  37.6873   3949.00
  71.1917  37.6873   4313.00
  71.2083  37.6873   4135.00
  71.1083  37.6741   3139.00
  71.1250  37.6741   3127.00
  71.1417  37.6741   3339.00
  71.1583  37.6741   3787.00
  71.1750  37.6741   4001.00
  71.1917  37.6741   4341.00
  71.2083  37.6741   4129.00
  71.1083  37.6609   3761.00
  71.1250  37.6609   3647.00
  71.1417  37.6609   3297.00
  71.1583  37.6609   3441.00
  71.1750  37.6609   3981.00
  71.1917  37.6609   4435.00
  71.2083  37.6609   4321.00
  71.1083  37.6478   3551.00
  71.1250  37.6478   3993.00
  71.1417  37.6478   3881.00
  71.1583  37.6478   3621.00
  71.1750  37.6478   3627.00
  71.1917  37.6478   4151.00
  71.2083  37.6478   4485.00
  71.1083  37.6346   3783.00
  71.1250  37.6346   3719.00
  71.1417  37.6346   4019.00
  71.1583  37.6346   4247.00
  71.1750  37.6346   3947.00
  71.1917  37.6346   4145.00
  71.2083  37.6346   4283.00
  71.1083  37.6214   3965.00
  71.1250  37.6214   3965.00
  71.1417  37.6214   3973.00
  71.1583  37.6214   4129.00
  71.1750  37.6214   4221.00
  71.1917  37.6214   4029.00
  71.2083  37.6214   4025.00
  71.1083  37.6082   3457.00
  71.1250  37.6082   3413.00
  71.1417  37.6082   3517.00
  71.1583  37.6082   3741.00
  71.1750  37.6082   4061.00
  71.1917  37.6082   4041.00
  71.2083  37.6082   3757.00
  71.1083  37.5949   3045.00
  71.1250  37.5949   3231.00
  71.1417  37.5949   3233.00
  71.1583  37.5949   3443.00
  71.1750  37.5949   3769.00
  71.1917  37.5949   4221.00
  71.2083  37.5949   3973.00
  71.1083  37.5817   3493.00
  71.1250  37.5817   3739.00
  71.1417  37.5817   3707.00
  71.1583  37.5817   3721.00
  71.1750  37.5817   3881.00
  71.1917  37.5817   4001.00
  71.2083  37.5817   4149.00
  71.1083  37.5685   3233.00
  71.1250  37.5685   3379.00
  71.1417  37.5685   3437.00
  71.1583  37.5685   3527.00
  71.1750  37.5685   3571.00
  71.1917  37.5685   3653.00
  71.2083  37.5685   4119.00
  71.1083  37.5553   2863.00
  71.1250  37.5553   3071.00
  71.1417  37.5553   3131.00
  71.1583  37.5553   3137.00
  71.1750  37.5553   3167.00
  71.1917  37.5553   3373.00
  71.2083  37.5553   3867.00
  71.1083  37.5421   3321.00
  71.1250  37.5421   3045.00
  71.1417  37.5421   3111.00
  71.1583  37.5421   3395.00
  71.1750  37.5421   3469.00
  71.1917  37.5421   3725.00
  71.2083  37.5421   3957.00
  71.1083  37.5289   3773.00
  71.1250  37.5289   3397.00
  71.1417  37.5289   3023.00
  71.1583  37.5289   3413.00
  71.1750  37.5289   3863.00
  71.1917  37.5289   3973.00
  71.2083  37.5289   4089.00
  71.1083  37.5157   3769.00
  71.1250  37.5157   3597.00
  71.1417  37.5157   3397.00
  71.1583  37.5157   3221.00
  71.1750  37.5157   3367.00
  71.1917  37.5157   3679.00
  71.2083  37.5157   3839.00
  71.1083  37.5024   3349.00
  71.1250  37.5024   3369.00
  71.1417  37.5024   3451.00
  71.1583  37.5024   3667.00
  71.1750  37.5024   3569.00
  71.1917  37.5024   3383.00
  71.2083  37.5024   3543.00
  71.1083  37.4892   2973.00
  71.1250  37.4892   2979.00
  71.1417  37.4892   3209.00
  71.1583  37.4892   3727.00
  71.1750  37.4892   3483.00
  71.1917  37.4892   3609.00
  71.2083  37.4892   3641.00
  71.1083  37.4760   2915.00
  71.1250  37.4760   3007.00
  71.1417  37.4760   3401.00
  71.1583  37.4760   3447.00
  71.1750  37.4760   3227.00
  71.1917  37.4760   3407.00
  71.2083  37.4760   3683.00
  71.1083  37.4628   3097.00
  71.1250  37.4628   2911.00
  71.1417  37.4628   3033.00
  71.1583  37.4628   2991.00
  71.1750  37.4628   3265.00
  71.1917  37.4628   3665.00
  71.2083  37.4628   3605.00
  71.1083  37.4495   3451.00
  71.1250  37.4495   3113.00
  71.1417  37.4495   3073.00
  71.1583  37.4495   3109.00
  71.1750  37.4495   3283.00
  71.1917  37.4495   3607.00
  71.2083  37.4495   3951.00
  71.1083  37.4363   3471.00
  71.1250  37.4363   3269.00
  71.1417  37.4363   3175.00
  71.1583  37.4363   3443.00
  71.1750  37.4363   3211.00
  71.1917  37.4363   3519.00
  71.2083  37.4363   3947.00
  71.1083  37.4231   3601.00
  71.1250  37.4231   3199.00
  71.1417  37.4231   3385.00
  71.1583  37.4231   3763.00
  71.1750  37.4231   3505.00
  71.1917  37.4231   3441.00
  71.2083  37.4231   3869.00
  71.1083  37.4098   3563.00
  71.1250  37.4098   3561.00
  71.1417  37.4098   3691.00
  71.1583  37.4098   3953.00
  71.1750  37.4098   3873.00
  71.1917  37.4098   3741.00
  71.2083  37.4098   3909.00
  71.1083  37.3966   3687.00
  71.1250  37.3966   3727.00
  71.1417  37.3966   3663.00
  71.1583  37.3966   3845.00
  71.1750  37.3966   3827.00
  71.1917  37.3966   3881.00
  71.2083  37.3966   3895.00
  71.1083  37.3834   3375.00
  71.1250  37.3834   3365.00
  71.1417  37.3834   3273.00
  71.1583  37.3834   3511.00
  71.1750  37.3834   3393.00
  71.1917  37.3834   3353.00
  71.2083  37.3834   3361.00
  71.1083  37.3701   3123.00
  71.1250  37.3701   3069.00
  71.1417  37.3701   3061.00
  71.1583  37.3701   3173.00
  71.1750  37.3701   3099.00
  71.1917  37.3701   3141.00
  71.2083  37.3701   3363.00
  71.1083  37.3569   2899.00
  71.1250  37.3569   2927.00
  71.1417  37.3569   3017.00
  71.1583  37.3569   3013.00
  71.1750  37.3569   3163.00
  71.1917  37.3569   3469.00
  71.2083  37.3569   3651.00
  71.1083  37.3436   3033.00
  71.1250  37.3436   3275.00
  71.1417  37.3436   3409.00
  71.1583  37.3436   3451.00
  71.1750  37.3436   3435.00
  71.1917  37.3436   3577.00
  71.2083  37.3436   3919.00
  71.1083  37.3304   2919.00
  71.1250  37.3304   2989.00
  71.1417  37.3304   3185.00
  71.1583  37.3304   3511.00
  71.1750  37.3304   3757.00
  71.1917  37.3304   3653.00
  71.2083  37.3304   3699.00
  71.1083  37.3171   3125.00
  71.1250  37.3171   3019.00
  71.1417  37.3171   3055.00
  71.1583  37.3171   3257.00
  71.1750  37.3171   3503.00
  71.1917  37.3171   3855.00
  71.2083  37.3171   3983.00
  71.1083  37.3039   3293.00
  71.1250  37.3039   3053.00
  71.1417  37.3039   3093.00
  71.1583  37.3039   3067.00
  71.1750  37.3039   3321.00
  71.1917  37.3039   3563.00
  71.2083  37.3039   3727.00
  71.1083  37.2906   3307.00
  71.1250  37.2906   3375.00
  71.1417  37.2906   3145.00
  71.1583  37.2906   3383.00
  71.1750  37.2906   3231.00
  71.1917  37.2906   3337.00
  71.2083  37.2906   3535.00
  71.1083  37.2773   3431.00
  71.1250  37.2773   3719.00
  71.1417  37.2773   3393.00
  71.1583  37.2773   3383.00
  71.1750  37.2773   3651.00
  71.1917  37.2773   3375.00
  71.2083  37.2773   3803.00
  71.1083  37.2641   3453.00
  71.1250  37.2641   3837.00
  71.1417  37.2641   3749.00
  71.1583  37.2641   3393.00
  71.1750  37.2641   3795.00
  71.1917  37.2641   3585.00
  71.2083  37.2641   3537.00
  71.1083  37.2508   3557.00
  71.1250  37.2508   3741.00
  71.1417  37.2508   3925.00
  71.1583  37.2508   3617.00
  71.1750  37.2508   3611.00
  71.1917  37.2508   3879.00
  71.2083  37.2508   3933.00
  71.1083  37.2375   3395.00
  71.1250  37.2375   3747.00
  71.1417  37.2375   4045.00
  71.1583  37.2375   3927.00
  71.1750  37.2375   3609.00
  71.1917  37.2375   3759.00
  71.2083  37.2375   3907.00
  71.1083  37.2243   3321.00
  71.1250  37.2243   3599.00
  71.1417  37.2243   4023.00
  71.1583  37.2243   3925.00
  71.1750  37.2243   3695.00
  71.1917  37.2243   3893.00
  71.2083  37.2243   3949.00
  71.1083  37.2110   3387.00
  71.1250  37.2110   3727.00
  71.1417  37.2110   4055.00
  71.1583  37.2110   4069.00
  71.1750  37.2110   3857.00
  71.1917  37.2110   4055.00
  71.2083  37.2110   4123.00
  71.1083  37.1977   3413.00
  71.1250  37.1977   3629.00
  71.1417  37.1977   4073.00
  71.1583  37.1977   4183.00
  71.1750  37.1977   4155.00
  71.1917  37.1977   4063.00
  71.2083  37.1977   3987.00
  71.1083  37.1844   3845.00
  71.1250  37.1844   3739.00
  71.1417  37.1844   4065.00
  71.1583  37.1844   4181.00
  71.1750  37.1844   4203.00
  71.1917  37.1844   4275.00
  71.2083  37.1844   4261.00
  71.1083  37.1712   3885.00
  71.1250  37.1712   3929.00
  71.1417  37.1712   4215.00
  71.1583  37.1712   4223.00
  71.1750  37.1712   4101.00
  71.1917  37.1712   3951.00
  71.2083  37.1712   3901.00
  71.1083  37.1579   3757.00
  71.1250  37.1579   4121.00
  71.1417  37.1579   4233.00
  71.1583  37.1579   4073.00
  71.1750  37.1579   4223.00
  71.1917  37.1579   4153.00
  71.2083  37.1579   3919.00
  71.1083  37.1446   3961.00
  71.1250  37.1446   4085.00
  71.1417  37.1446   4095.00
  71.1583  37.1446   3957.00
  71.1750  37.1446   3829.00
  71.1917  37.1446   3797.00
  71.2083  37.1446   3663.00
  71.1083  37.1313   3741.00
  71.1250  37.1313   4047.00
  71.1417  37.1313   4067.00
  71.1583  37.1313   4147.00
  71.1750  37.1313   4001.00
  71.1917  37.1313   3949.00
  71.2083  37.1313   3845.00
  71.1083  37.1180   3935.00
  71.1250  37.1180   3625.00
  71.1417  37.1180   3405.00
  71.1583  37.1180   3657.00
  71.1750  37.1180   3347.00
  71.1917  37.1180   3797.00
  71.2083  37.1180   3917.00
  71.1083  37.1047   3369.00
  71.1250  37.1047   2813.00
  71.1417  37.1047   3025.00
  71.1583  37.1047   3251.00
  71.1750  37.1047   2971.00
  71.1917  37.1047   3767.00
  71.2083  37.1047   3803.00
  71.1083  37.0914   2841.00
  71.1250  37.0914   2579.00
  71.1417  37.0914   2739.00
  71.1583  37.0914   2657.00
  71.1750  37.0914   2831.00
  71.1917  37.0914   3541.00
  71.2083  37.0914   3969.00
  71.1083  37.0781   2467.00
  71.1250  37.0781   2279.00
  71.1417  37.0781   2265.00
  71.1583  37.0781   2399.00
  71.1750  37.0781   2863.00
  71.1917  37.0781   3255.00
  71.2083  37.0781   3447.00
  71.1083  37.0648   2053.00
  71.1250  37.0648   2101.00
  71.1417  37.0648   2167.00
  71.1583  37.0648   2189.00
  71.1750  37.0648   2511.00
  71.1917  37.0648   2637.00
  71.2083  37.0648   2893.00
  71.1083  37.0515   2189.00
  71.1250  37.0515   2667.00
  71.1417  37.0515   2727.00
  71.1583  37.0515   2479.00
  71.1750  37.0515   2285.00
  71.1917  37.0515   2267.00
  71.2083  37.0515   2245.00
  71.1083  37.0382   2603.00
  71.1250  37.0382   2741.00
  71.1417  37.0382   3227.00
  71.1583  37.0382   2927.00
  71.1750  37.0382   2673.00
  71.1917  37.0382   2693.00
  71.2083  37.0382   2689.00
  71.1083  37.0249   3173.00
  71.1250  37.0249   3265.00
  71.1417  37.0249   3501.00
  71.1583  37.0249   3273.00
  71.1750  37.0249   3009.00
  71.1917  37.0249   2945.00
  71.2083  37.0249   3171.00
  71.1083  37.0116   3345.00
  71.1250  37.0116   3839.00
  71.1417  37.0116   3795.00
  71.1583  37.0116   3649.00
  71.1750  37.0116   3279.00
  71.1917  37.0116   3375.00
  71.2083  37.0116   3511.00
  71.1083  36.9983   3629.00
  71.1250  36.9983   4095.00
  71.1417  36.9983   4071.00
  71.1583  36.9983   4075.00
  71.1750  36.9983   3651.00
  71.1917  36.9983   3751.00
  71.2083  36.9983   3937.00
  71.1083  36.9850   3725.00
  71.1250  36.9850   3829.00
  71.1417  36.9850   3737.00
  71.1583  36.9850   3963.00
  71.1750  36.9850   4051.00
  71.1917  36.9850   4117.00
  71.2083  36.9850   4313.00
  71.1083  36.9717   3257.00
  71.1250  36.9717   3237.00
  71.1417  36.9717   3281.00
  71.1583  36.9717   3405.00
  71.1750  36.9717   3701.00
  71.1917  36.9717   4167.00
  71.2083  36.9717   4427.00
  71.1083  36.9584   2785.00
  71.1250  36.9584   2861.00
  71.1417  36.9584   3135.00
  71.1583  36.9584   3403.00
